replicate	time	treatment	wak	cho	tre	fle	bas	leo	ber	her
rep1	0	-2.5.C	0.107049608	0.211838006	0.081395349	0.134328358	0.150470219	0.107648725	0.058047493	0.06360424
rep2	0	-2.5.C	0.132716049	0.142361111	0.093567251	0.151515152	0.130841121	0.122754491	0.119113573	0.11409396
rep3	0	-2.5.C	0.105113636	0.225806452	0.133550489	0.161971831	0.149206349	0.168246445	0.10178117	0.138743455
rep4	0	-2.5.C	0.093670886	0.191780822	0.147410359	0.190322581	0.135951662	0.068376068	0.153594771	0.149253731
rep5	0	-2.5.C	0.067340067	0.190600522	0.112068966	0.21656051	0.161812298	0.132307692	0.131498471	0.113573407
rep6	0	-2.5.C	0.098039216	0.171597633	0.094674556	0.179487179	0.152777778	0.153409091	0.112044818	0.099415205
rep7	0	-2.5.C	0.096045198	0.22962963	0.133079848	0.177177177	0.139784946	0.083333333	0.085714286	0.168350168
rep8	0	-2.5.C	0.100795756	0.182389937	0.132	0.14516129	0.163424125	0.125523013	0.109467456	0.10230179
rep9	0	-2.5.C	0.145772595	0.208480565	0.121568627	0.080985915	0.178723404	0.094707521	0.060790274	0.113043478
rep10	0	-2.5.C	0.099415205	0.151335312	0.089700997	0.226480836	0.105485232	0.11898017	0.108695652	0.122507123
rep1	0	0.C	0.107049608	0.211838006	0.081395349	0.134328358	0.150470219	0.107648725	0.058047493	0.06360424
rep2	0	0.C	0.132716049	0.142361111	0.093567251	0.151515152	0.130841121	0.122754491	0.119113573	0.11409396
rep3	0	0.C	0.105113636	0.225806452	0.133550489	0.161971831	0.149206349	0.168246445	0.10178117	0.138743455
rep4	0	0.C	0.093670886	0.191780822	0.147410359	0.190322581	0.135951662	0.068376068	0.153594771	0.149253731
rep5	0	0.C	0.067340067	0.190600522	0.112068966	0.21656051	0.161812298	0.132307692	0.131498471	0.113573407
rep6	0	0.C	0.098039216	0.171597633	0.094674556	0.179487179	0.152777778	0.153409091	0.112044818	0.099415205
rep7	0	0.C	0.096045198	0.22962963	0.133079848	0.177177177	0.139784946	0.083333333	0.085714286	0.168350168
rep8	0	0.C	0.100795756	0.182389937	0.132	0.14516129	0.163424125	0.125523013	0.109467456	0.10230179
rep9	0	0.C	0.145772595	0.208480565	0.121568627	0.080985915	0.178723404	0.094707521	0.060790274	0.113043478
rep10	0	0.C	0.099415205	0.151335312	0.089700997	0.226480836	0.105485232	0.11898017	0.108695652	0.122507123
rep1	0	2.5.C	0.107049608	0.211838006	0.081395349	0.134328358	0.150470219	0.107648725	0.058047493	0.06360424
rep2	0	2.5.C	0.132716049	0.142361111	0.093567251	0.151515152	0.130841121	0.122754491	0.119113573	0.11409396
rep3	0	2.5.C	0.105113636	0.225806452	0.133550489	0.161971831	0.149206349	0.168246445	0.10178117	0.138743455
rep4	0	2.5.C	0.093670886	0.191780822	0.147410359	0.190322581	0.135951662	0.068376068	0.153594771	0.149253731
rep5	0	2.5.C	0.067340067	0.190600522	0.112068966	0.21656051	0.161812298	0.132307692	0.131498471	0.113573407
rep6	0	2.5.C	0.098039216	0.171597633	0.094674556	0.179487179	0.152777778	0.153409091	0.112044818	0.099415205
rep7	0	2.5.C	0.096045198	0.22962963	0.133079848	0.177177177	0.139784946	0.083333333	0.085714286	0.168350168
rep8	0	2.5.C	0.100795756	0.182389937	0.132	0.14516129	0.163424125	0.125523013	0.109467456	0.10230179
rep9	0	2.5.C	0.145772595	0.208480565	0.121568627	0.080985915	0.178723404	0.094707521	0.060790274	0.113043478
rep10	0	2.5.C	0.099415205	0.151335312	0.089700997	0.226480836	0.105485232	0.11898017	0.108695652	0.122507123
rep1	0	5.C	0.107049608	0.211838006	0.081395349	0.134328358	0.150470219	0.107648725	0.058047493	0.06360424
rep2	0	5.C	0.132716049	0.142361111	0.093567251	0.151515152	0.130841121	0.122754491	0.119113573	0.11409396
rep3	0	5.C	0.105113636	0.225806452	0.133550489	0.161971831	0.149206349	0.168246445	0.10178117	0.138743455
rep4	0	5.C	0.093670886	0.191780822	0.147410359	0.190322581	0.135951662	0.068376068	0.153594771	0.149253731
rep5	0	5.C	0.067340067	0.190600522	0.112068966	0.21656051	0.161812298	0.132307692	0.131498471	0.113573407
rep6	0	5.C	0.098039216	0.171597633	0.094674556	0.179487179	0.152777778	0.153409091	0.112044818	0.099415205
rep7	0	5.C	0.096045198	0.22962963	0.133079848	0.177177177	0.139784946	0.083333333	0.085714286	0.168350168
rep8	0	5.C	0.100795756	0.182389937	0.132	0.14516129	0.163424125	0.125523013	0.109467456	0.10230179
rep9	0	5.C	0.145772595	0.208480565	0.121568627	0.080985915	0.178723404	0.094707521	0.060790274	0.113043478
rep10	0	5.C	0.099415205	0.151335312	0.089700997	0.226480836	0.105485232	0.11898017	0.108695652	0.122507123
rep1	0	7.5.C	0.107049608	0.211838006	0.081395349	0.134328358	0.150470219	0.107648725	0.058047493	0.06360424
rep2	0	7.5.C	0.132716049	0.142361111	0.093567251	0.151515152	0.130841121	0.122754491	0.119113573	0.11409396
rep3	0	7.5.C	0.105113636	0.225806452	0.133550489	0.161971831	0.149206349	0.168246445	0.10178117	0.138743455
rep4	0	7.5.C	0.093670886	0.191780822	0.147410359	0.190322581	0.135951662	0.068376068	0.153594771	0.149253731
rep5	0	7.5.C	0.067340067	0.190600522	0.112068966	0.21656051	0.161812298	0.132307692	0.131498471	0.113573407
rep6	0	7.5.C	0.098039216	0.171597633	0.094674556	0.179487179	0.152777778	0.153409091	0.112044818	0.099415205
rep7	0	7.5.C	0.096045198	0.22962963	0.133079848	0.177177177	0.139784946	0.083333333	0.085714286	0.168350168
rep8	0	7.5.C	0.100795756	0.182389937	0.132	0.14516129	0.163424125	0.125523013	0.109467456	0.10230179
rep9	0	7.5.C	0.145772595	0.208480565	0.121568627	0.080985915	0.178723404	0.094707521	0.060790274	0.113043478
rep10	0	7.5.C	0.099415205	0.151335312	0.089700997	0.226480836	0.105485232	0.11898017	0.108695652	0.122507123
rep1	0	10.C	0.107049608	0.211838006	0.081395349	0.134328358	0.150470219	0.107648725	0.058047493	0.06360424
rep2	0	10.C	0.132716049	0.142361111	0.093567251	0.151515152	0.130841121	0.122754491	0.119113573	0.11409396
rep3	0	10.C	0.105113636	0.225806452	0.133550489	0.161971831	0.149206349	0.168246445	0.10178117	0.138743455
rep4	0	10.C	0.093670886	0.191780822	0.147410359	0.190322581	0.135951662	0.068376068	0.153594771	0.149253731
rep5	0	10.C	0.067340067	0.190600522	0.112068966	0.21656051	0.161812298	0.132307692	0.131498471	0.113573407
rep6	0	10.C	0.098039216	0.171597633	0.094674556	0.179487179	0.152777778	0.153409091	0.112044818	0.099415205
rep7	0	10.C	0.096045198	0.22962963	0.133079848	0.177177177	0.139784946	0.083333333	0.085714286	0.168350168
rep8	0	10.C	0.100795756	0.182389937	0.132	0.14516129	0.163424125	0.125523013	0.109467456	0.10230179
rep9	0	10.C	0.145772595	0.208480565	0.121568627	0.080985915	0.178723404	0.094707521	0.060790274	0.113043478
rep10	0	10.C	0.099415205	0.151335312	0.089700997	0.226480836	0.105485232	0.11898017	0.108695652	0.122507123
rep1	0	dark	0.107049608	0.211838006	0.081395349	0.134328358	0.150470219	0.107648725	0.058047493	0.06360424
rep2	0	dark	0.132716049	0.142361111	0.093567251	0.151515152	0.130841121	0.122754491	0.119113573	0.11409396
rep3	0	dark	0.105113636	0.225806452	0.133550489	0.161971831	0.149206349	0.168246445	0.10178117	0.138743455
rep4	0	dark	0.093670886	0.191780822	0.147410359	0.190322581	0.135951662	0.068376068	0.153594771	0.149253731
rep5	0	dark	0.067340067	0.190600522	0.112068966	0.21656051	0.161812298	0.132307692	0.131498471	0.113573407
rep6	0	dark	0.098039216	0.171597633	0.094674556	0.179487179	0.152777778	0.153409091	0.112044818	0.099415205
rep7	0	dark	0.096045198	0.22962963	0.133079848	0.177177177	0.139784946	0.083333333	0.085714286	0.168350168
rep8	0	dark	0.100795756	0.182389937	0.132	0.14516129	0.163424125	0.125523013	0.109467456	0.10230179
rep9	0	dark	0.145772595	0.208480565	0.121568627	0.080985915	0.178723404	0.094707521	0.060790274	0.113043478
rep10	0	dark	0.099415205	0.151335312	0.089700997	0.226480836	0.105485232	0.11898017	0.108695652	0.122507123
rep1	14	-2.5.C	0.108262108	0.245398773	0.107407407	0.116504854	0.102941176	0.101639344	0.108910891	0.101190476
rep2	14	-2.5.C	0.103703704	0.147492625	0.102189781	0.087108014	0.1	0.083932854	0.106666667	0.124137931
rep3	14	-2.5.C	0.140718563	0.24137931	0.190647482	0.111111111	0.068965517	0.103092784	0.092651757	0.111455108
rep4	14	-2.5.C	0.087671233	0.178947368	0.142857143	0.106109325	0.10031348	0.103975535	0.141509434	0.146341463
rep5	14	-2.5.C	0.088541667	0.152061856	0.117870722	0.113456464	0.115131579	0.080906149	0.107329843	0.133903134
rep6	14	-2.5.C	0.117824773	0.246478873	0.112211221	0.132947977	0.084210526	0.071216617	0.076246334	0.120915033
rep7	14	-2.5.C	0.115902965	0.225454545	0.176870748	0.132653061	0.071729958	0.072607261	0.101538462	0.121661721
rep8	14	-2.5.C	0.078864353	0.231034483	0.12890625	0.121621622	0.095238095	0.099264706	0.078804348	0.073846154
rep9	14	-2.5.C	0.075117371	0.138418079	0.130801688	0.118181818	0.138790036	0.096666667	0.13559322	0.137142857
rep10	14	-2.5.C	0.139037433	0.2	0.146853147	0.131410256	0.09178744	0.106761566	0.093939394	0.119122257
rep1	14	0.C	0.152737752	0.220216606	0.194805195	0.134375	0.104417671	0.101973684	0.231454006	0.139465875
rep2	14	0.C	0.116991643	0.205776173	0.177966102	0.119850187	0.07641196	0.096885813	0.241982507	0.125
rep3	14	0.C	0.100543478	0.241610738	0.164912281	0.145669291	0.136986301	0.092651757	0.23100304	0.125
rep4	14	0.C	0.109510086	0.20754717	0.188284519	0.112727273	0.1	0.089347079	0.182254197	0.086705202
rep5	14	0.C	0.138339921	0.278846154	0.156146179	0.108033241	0.070769231	0.104859335	0.217948718	0.089473684
rep6	14	0.C	0.100278552	0.229007634	0.154285714	0.102719033	0.094202899	0.126182965	0.245454545	0.118918919
rep7	14	0.C	0.109243697	0.223529412	0.12543554	0.054597701	0.101083032	0.097791798	0.265356265	0.120845921
rep8	14	0.C	0.148044693	0.170124481	0.143426295	0.104575163	0.096525097	0.133501259	0.224137931	0.166666667
rep9	14	0.C	0.1171875	0.171314741	0.143410853	0.100478469	0.090196078	0.181818182	0.276785714	0.159217877
rep10	14	0.C	0.114624506	0.2375	0.150735294	0.087463557	0.090604027	0.135977337	0.213333333	0.144781145
rep1	14	2.5.C	0.176300578	0.208494208	0.196491228	0.07977208	0.111913357	0.092063492	0.130952381	0.103542234
rep2	14	2.5.C	0.148788927	0.287272727	0.122033898	0.158576052	0.101587302	0.088691796	0.143678161	0.158602151
rep3	14	2.5.C	0.087613293	0.359375	0.165991903	0.118110236	0.142414861	0.117302053	0.15	0.12605042
rep4	14	2.5.C	0.158854167	0.316109422	0.199170124	0.145748988	0.147651007	0.154302671	0.134328358	0.120786517
rep5	14	2.5.C	0.138084633	0.256637168	0.168627451	0.10989011	0.081632653	0.132930514	0.133757962	0.152631579
rep6	14	2.5.C	0.144542773	0.314754098	0.196969697	0.090625	0.099706745	0.153846154	0.119873817	0.168975069
rep7	14	2.5.C	0.111455108	0.313131313	0.177033493	0.142857143	0.107142857	0.105769231	0.13091922	0.145631068
rep8	14	2.5.C	0.168789809	0.364912281	0.203278689	0.204545455	0.110619469	0.2	0.126582278	0.131233596
rep9	14	2.5.C	0.135638298	0.262068966	0.168888889	0.12012012	0.117647059	0.16	0.158038147	0.162464986
rep10	14	2.5.C	0.096096096	0.266666667	0.203791469	0.161375661	0.110192837	0.126623377	0.105555556	0.13960114
rep1	14	5.C	0.128133705	0.321138211	0.153488372	0.15210356	0.111111111	0.164133739	0.108262108	0.148825065
rep2	14	5.C	0.0997151	0.221498371	0.1640625	0.132183908	0.097315436	0.069767442	0.152173913	0.147590361
rep3	14	5.C	0.11965812	0.384615385	0.215686275	0.108108108	0.100323625	0.105421687	0.145896657	0.142857143
rep4	14	5.C	0.176678445	0.321568627	0.164222874	0.124087591	0.125560538	0.166134185	0.120689655	0.146981627
rep5	14	5.C	0.136807818	0.381294964	0.23245614	0.128865979	0.144329897	0.152542373	0.106100796	0.198606272
rep6	14	5.C	0.137755102	0.366863905	0.250909091	0.143369176	0.142857143	0.154340836	0.102484472	0.185595568
rep7	14	5.C	0.105263158	0.268722467	0.205128205	0.131661442	0.118881119	0.128027682	0.111111111	0.182795699
rep8	14	5.C	0.088957055	0.263157895	0.208163265	0.101851852	0.174242424	0.107784431	0.099730458	0.154639175
rep9	14	5.C	0.087378641	0.204610951	0.126666667	0.145896657	0.158102767	0.109467456	0.162601626	0.140983607
rep10	14	5.C	0.085164835	0.253676471	0.210762332	0.146258503	0.118466899	0.093373494	0.10619469	0.101156069
rep1	14	7.5.C	0.122850123	0.198529412	0.157894737	0.201492537	0.141538462	0.115492958	0.114634146	0.149295775
rep2	14	7.5.C	0.136986301	0.224657534	0.156462585	0.112179487	0.138790036	0.15755627	0.134680135	0.224561404
rep3	14	7.5.C	0.169270833	0.359832636	0.269230769	0.147308782	0.122977346	0.111111111	0.152892562	0.191780822
rep4	14	7.5.C	0.119047619	0.454901961	0.220512821	0.157480315	0.116838488	0.14516129	0.118971061	0.115131579
rep5	14	7.5.C	0.108753316	0.261146497	0.178988327	0.201257862	0.105263158	0.156424581	0.118959108	0.069078947
rep6	14	7.5.C	0.128133705	0.334437086	0.149779736	0.116147309	0.164658635	0.141762452	0.110119048	0.16066482
rep7	14	7.5.C	0.171686747	0.268774704	0.122807018	0.115044248	0.178082192	0.103448276	0.1171875	0.149295775
rep8	14	7.5.C	0.112860892	0.291291291	0.219081272	0.137254902	0.156794425	0.211320755	0.126984127	0.132394366
rep9	14	7.5.C	0.147368421	0.337606838	0.175324675	0.139393939	0.216606498	0.117816092	0.12962963	0.13368984
rep10	14	7.5.C	0.133333333	0.37109375	0.230769231	0.168831169	0.129770992	0.189830508	0.149206349	0.099273608
rep1	14	10.C	0.163009404	0.280701754	0.150537634	0.158783784	0.15503876	0.227118644	0.126153846	0.180851064
rep2	14	10.C	0.107142857	0.38245614	0.144628099	0.115384615	0.125	0.148351648	0.126721763	0.130790191
rep3	14	10.C	0.139037433	0.424124514	0.16872428	0.127272727	0.145669291	0.127090301	0.155080214	0.137313433
rep4	14	10.C	0.169054441	0.313333333	0.218430034	0.139372822	0.083333333	0.120437956	0.134375	0.151515152
rep5	14	10.C	0.098092643	0.331125828	0.215328467	0.164319249	0.125954198	0.136111111	0.161073826	0.146103896
rep6	14	10.C	0.072164948	0.320334262	0.231578947	0.143769968	0.156118143	0.115273775	0.100795756	0.139455782
rep7	14	10.C	0.170418006	0.348920863	0.168965517	0.119873817	0.197411003	0.157407407	0.153225806	0.128
rep8	14	10.C	0.14379085	0.338129496	0.157894737	0.108196721	0.097972973	0.133333333	0.105381166	0.175862069
rep9	14	10.C	0.083056478	0.237458194	0.184397163	0.150887574	0.156133829	0.144021739	0.097560976	0.14556962
rep10	14	10.C	0.094182825	0.226351351	0.175572519	0.126245847	0.166037736	0.237903226	0.158054711	0.125
rep1	14	dark	0.132596685	0.287162162	0.197580645	0.154929577	0.163636364	0.21257485	0.125	0.198879552
rep2	14	dark	0.103092784	0.222222222	0.210332103	0.112244898	0.092664093	0.125	0.146031746	0.168965517
rep3	14	dark	0.158227848	0.33974359	0.16091954	0.144475921	0.139622642	0.12755102	0.094594595	0.180981595
rep4	14	dark	0.16954023	0.393442623	0.172839506	0.106060606	0.120274914	0.16828479	0.11878453	0.12716763
rep5	14	dark	0.208469055	0.362229102	0.213636364	0.131274131	0.113402062	0.086142322	0.121301775	0.147308782
rep6	14	dark	0.091160221	0.263157895	0.356481481	0.097421203	0.133064516	0.11	0.180981595	0.200668896
rep7	14	dark	0.152694611	0.327014218	0.198275862	0.189701897	0.190647482	0.161643836	0.050746269	0.198630137
rep8	14	dark	0.104121475	0.410646388	0.179104478	0.117391304	0.091176471	0.131687243	0.136627907	0.159235669
rep9	14	dark	0.14986376	0.414529915	0.1375	0.102941176	0.162790698	0.110192837	0.083102493	0.12972973
rep10	14	dark	0.146627566	0.247311828	0.210300429	0.148809524	0.080906149	0.081920904	0.086206897	0.136111111
rep1	28	-2.5.C	0.053030303	0.11550152	0.151851852	0.120689655	0.080838323	0.088319088	0.119565217	0.137380192
rep2	28	-2.5.C	0.078431373	0.15902965	0.139130435	0.12979351	0.086642599	0.116991643	0.130193906	0.119205298
rep3	28	-2.5.C	0.057220708	0.182835821	0.120141343	0.159292035	0.077170418	0.077994429	0.127596439	0.115942029
rep4	28	-2.5.C	0.063829787	0.198380567	0.188284519	0.090909091	0.145454545	0.095607235	0.105820106	0.106583072
rep5	28	-2.5.C	0.066066066	0.155737705	0.142361111	0.129032258	0.107142857	0.145695364	0.113268608	0.134275618
rep6	28	-2.5.C	0.050793651	0.139442231	0.135021097	0.114906832	0.132142857	0.130699088	0.088772846	0.09771987
rep7	28	-2.5.C	0.057877814	0.145251397	0.104529617	0.105515588	0.129166667	0.099056604	0.092814371	0.170212766
rep8	28	-2.5.C	0.075987842	0.124260355	0.212669683	0.162420382	0.097859327	0.106442577	0.009365559	0.130813953
rep9	28	-2.5.C	0.073490814	0.206349206	0.176029963	0.107462687	0.092741935	0.116541353	0.096209913	0.115273775
rep10	28	-2.5.C	0.059322034	0.116182573	0.132492114	0.140077821	0.111111111	0.131818182	0.112716763	0.128526646
rep1	28	0.C	0.089622642	0.164794007	0.22745098	0.140939597	0.068085106	0.182089552	0.173529412	0.093975904
rep2	28	0.C	0.052941176	0.194690265	0.157024793	0.132492114	0.117857143	0.166064982	0.121212121	0.141752577
rep3	28	0.C	0.066914498	0.137931034	0.28685259	0.145454545	0.172161172	0.197530864	0.150641026	0.122762148
rep4	28	0.C	0.086253369	0.140625	0.140893471	0.092105263	0.103004292	0.124277457	0.142857143	0.101910828
rep5	28	0.C	0.091370558	0.1875	0.229007634	0.149152542	0.16	0.183266932	0.182481752	0.139880952
rep6	28	0.C	0.068493151	0.177777778	0.227074236	0.165644172	0.124	0.20233463	0.142076503	0.1640625
rep7	28	0.C	0.054285714	0.196551724	0.117241379	0.087431694	0.14559387	0.134556575	0.13832853	0.081460674
rep8	28	0.C	0.096491228	0.225925926	0.107407407	0.134453782	0.118811881	0.197628458	0.175644028	0.120320856
rep9	28	0.C	0.0775	0.211221122	0.194915254	0.127586207	0.136054422	0.158490566	0.148148148	0.170289855
rep10	28	0.C	0.06514658	0.180811808	0.192468619	0.159090909	0.132	0.108433735	0.174174174	0.159183673
rep1	28	2.5.C	0.116704805	0.324590164	0.269230769	0.151006711	0.16017316	0.239726027	0.194444444	0.156666667
rep2	28	2.5.C	0.141772152	0.263537906	0.322709163	0.148	0.292592593	0.275568182	0.227758007	0.145251397
rep3	28	2.5.C	0.123167155	0.263013699	0.280769231	0.150159744	0.162939297	0.184986595	0.178125	0.18487395
rep4	28	2.5.C	0.086705202	0.304878049	0.217213115	0.135693215	0.186379928	0.281653747	0.093663912	0.16442953
rep5	28	2.5.C	0.144772118	0.276752768	0.239285714	0.102777778	0.213675214	0.272980501	0.135057471	0.112244898
rep6	28	2.5.C	0.101226994	0.203703704	0.214532872	0.138888889	0.212669683	0.234693878	0.151351351	0.162162162
rep7	28	2.5.C	0.128329298	0.279605263	0.245791246	0.066176471	0.229508197	0.266666667	0.192419825	0.181818182
rep8	28	2.5.C	0.112094395	0.287735849	0.25462963	0.157746479	0.221719457	0.244444444	0.181571816	0.145299145
rep9	28	2.5.C	0.092948718	0.368078176	0.297959184	0.166666667	0.115068493	0.210084034	0.21574344	0.214285714
rep10	28	2.5.C	0.148648649	0.328063241	0.260162602	0.175066313	0.197026022	0.257961783	0.161993769	0.207627119
rep1	28	5.C	0.204081633	0.387323944	0.298076923	0.128712871	0.33125	0.206790123	0.201995012	0.360465116
rep2	28	5.C	0.127035831	0.202453988	0.416058394	0.193939394	0.174041298	0.235087719	0.143258427	0.141025641
rep3	28	5.C	0.117647059	0.496644295	0.217228464	0.15625	0.18815331	0.241134752	0.216027875	0.163380282
rep4	28	5.C	0.095607235	0.306962025	0.29558011	0.122257053	0.195906433	0.287749288	0.193029491	0.180602007
rep5	28	5.C	0.102564103	0.369426752	0.3	0.22311828	0.248091603	0.3125	0.156923077	0.195530726
rep6	28	5.C	0.170087977	0.286206897	0.295180723	0.2	0.194805195	0.215568862	0.133126935	0.180887372
rep7	28	5.C	0.120192308	0.268551237	0.463768116	0.15	0.181506849	0.25170068	0.145772595	0.201780415
rep8	28	5.C	0.167192429	0.296407186	0.133587786	0.175202156	0.151079137	0.34751773	0.164619165	0.16
rep9	28	5.C	0.05655527	0.411290323	0.302521008	0.183333333	0.136546185	0.26953125	0.128712871	0.171428571
rep10	28	5.C	0.078369906	0.470833333	0.34965035	0.173913043	0.165079365	0.184782609	0.220447284	0.160550459
rep1	28	7.5.C	0.069767442	0.32807571	0.268211921	0.212307692	0.153333333	0.243137255	0.104225352	0.183745583
rep2	28	7.5.C	0.152849741	0.310231023	0.263392857	0.112179487	0.164912281	0.278787879	0.173652695	0.162534435
rep3	28	7.5.C	0.194986072	0.377862595	0.5	0.169550173	0.165467626	0.247311828	0.211726384	0.238341969
rep4	28	7.5.C	0.143229167	0.390243902	0.341365462	0.186851211	0.111821086	0.395833333	0.33033033	0.255474453
rep5	28	7.5.C	0.147692308	0.224913495	0.256666667	0.216066482	0.212624585	0.189710611	0.202380952	0.188365651
rep6	28	7.5.C	0.19112628	0.46122449	0.216535433	0.158163265	0.157480315	0.211678832	0.162534435	0.135770235
rep7	28	7.5.C	0.098461538	0.366037736	0.324414716	0.156914894	0.101522843	0.31511254	0.152737752	0.158536585
rep8	28	7.5.C	0.109489051	0.429003021	0.259259259	0.182857143	0.119883041	0.328767123	0.184210526	0.266475645
rep9	28	7.5.C	0.173789174	0.264880952	0.235059761	0.144171779	0.140468227	0.284237726	0.138107417	0.112068966
rep10	28	7.5.C	0.154450262	0.326860841	0.337016575	0.198019802	0.12601626	0.310580205	0.248407643	0.217261905
rep1	28	10.C	0.078740157	0.320930233	0.350482315	0.115591398	0.163398693	0.228476821	0.179836512	0.129682997
rep2	28	10.C	0.132978723	0.268085106	0.249070632	0.117647059	0.14057508	0.336633663	0.184415584	0.200520833
rep3	28	10.C	0.133171913	0.290456432	0.326797386	0.148288973	0.140625	0.407514451	0.182389937	0.162162162
rep4	28	10.C	0.13740458	0.292134831	0.246268657	0.12565445	0.303249097	0.237735849	0.130081301	0.191666667
rep5	28	10.C	0.131513648	0.31147541	0.329896907	0.098181818	0.145748988	0.261538462	0.162162162	1
rep6	28	10.C	0.208333333	0.289256198	0.37804878	0.157894737	0.186567164	0.262135922	0.148997135	0.192982456
rep7	28	10.C	0.204678363	0.348837209	0.383233533	0.229090909	0.1	0.17032967	0.149206349	0.221428571
rep8	28	10.C	0.120786517	0.356557377	0.287234043	0.12345679	0.139442231	0.135770235	0.16066482	0.15
rep9	28	10.C	0.130208333	0.200729927	0.295698925	0.126721763	0.10443038	0.255882353	0.155080214	0.117801047
rep10	28	10.C	0.140625	0.309623431	0.303964758	0.135501355	0.271428571	0.158436214	0.132596685	0.194070081
rep1	28	dark	0.126315789	0.273764259	0.406639004	0.135231317	0.257142857	0.294354839	0.220207254	0.283828383
rep2	28	dark	0.161473088	0.266211604	0.446153846	0.219178082	0.278810409	0.181818182	0.125806452	0.222570533
rep3	28	dark	0.105590062	0.322175732	0.288659794	0.157509158	0.211764706	0.265060241	0.185483871	0.165662651
rep4	28	dark	0.098876404	0.302941176	0.351449275	0.241830065	0.179878049	0.196875	0.166226913	0.134502924
rep5	28	dark	0.164086687	0.667808219	0.383561644	0.154109589	0.186885246	0.262626263	0.17877095	0.186046512
rep6	28	dark	0.195402299	0.410569106	0.379310345	0.18125	0.210332103	0.231023102	0.197826087	0.21037464
rep7	28	dark	0.158054711	0.277777778	0.244147157	0.178694158	0.127035831	0.180555556	0.152354571	0.158878505
rep8	28	dark	0.110062893	0.355871886	0.375	0.162162162	0.118902439	0.342931937	0.151785714	0.177897574
rep9	28	dark	0.093023256	0.262411348	0.356521739	0.287610619	0.195918367	0.198170732	0.122093023	0.158371041
rep10	28	dark	0.188679245	0.406896552	0.342222222	0.176470588	0.23465704	0.25	0.087463557	0.299382716
rep1	42	-2.5.C	0.065714286	0.188191882	0.08583691	0.125	0.15916955	0.119205298	0.108262108	0.138513514
rep2	42	-2.5.C	0.095238095	0.22983871	0.135036496	0.09375	0.139705882	0.153846154	0.114035088	0.137931034
rep3	42	-2.5.C	0.082706767	0.229032258	0.16254417	0.142857143	0.130909091	0.144404332	0.125348189	0.114441417
rep4	42	-2.5.C	0.047058824	0.182835821	0.151202749	0.100515464	0.088235294	0.108635097	0.124610592	0.110294118
rep5	42	-2.5.C	0.062330623	0.134831461	0.142335766	0.12012012	0.149501661	0.11746988	0.108695652	0.148148148
rep6	42	-2.5.C	0.097484277	0.231660232	0.175257732	0.104575163	0.167938931	0.116104869	0.115384615	0.07523511
rep7	42	-2.5.C	0.09375	0.134110787	0.229268293	0.147410359	0.154471545	0.078431373	0.113496933	0.157718121
rep8	42	-2.5.C	0.061889251	0.114695341	0.165938865	0.141210375	0.171003717	0.133550489	0.130681818	0.118902439
rep9	42	-2.5.C	0.045180723	0.204481793	0.16254417	0.082568807	0.169550173	0.064516129	0.147945205	0.166666667
rep10	42	-2.5.C	0.150159744	0.144578313	0.124481328	0.117460317	0.100609756	0.097744361	0.145205479	0.001672598
rep1	42	0.C	0.103064067	0.259689922	0.202898551	0.225	0.117647059	0.242718447	0.224188791	0.1769437
rep2	42	0.C	0.091803279	0.23046875	0.322751323	0.115151515	0.18466899	0.251497006	0.226351351	0.182926829
rep3	42	0.C	0.078947368	0.162025316	0.130252101	0.133507853	0.23880597	0.227272727	0.104615385	0.161290323
rep4	42	0.C	0.107638889	0.167213115	0.207048458	0.101503759	0.200772201	0.395189003	0.125	0.158640227
rep5	42	0.C	0.095384615	0.279693487	0.318007663	0.095833333	0.196491228	0.126279863	0.195205479	0.170347003
rep6	42	0.C	0.050239234	0.146520147	0.219827586	0.156363636	0.14	0.309608541	0.110795455	0.147058824
rep7	42	0.C	0.081300813	0.259136213	0.245421245	0.138181818	0.155477032	0.308270677	0.193353474	0.117021277
rep8	42	0.C	0.104046243	0.261410788	0.14893617	0.150579151	0.142857143	0.261627907	0.157377049	0.124681934
rep9	42	0.C	0.099601594	0.25093633	0.334821429	0.137614679	0.148550725	0.128289474	0.119170984	0.155234657
rep10	42	0.C	0.095238095	0.213058419	0.222672065	0.176666667	0.165605096	0.240963855	0.273291925	0.134285714
rep1	42	2.5.C	0.167173252	0.456	0.352941176	0.214521452	0.135220126	0.315914489	0.175742574	0.241982507
rep2	42	2.5.C	0.151335312	0.439093484	0.438016529	0.200647249	0.561085973	0.263610315	0.149425287	0.243107769
rep3	42	2.5.C	0.132132132	0.543859649	0.46835443	0.160493827	0.438247012	0.48	0.188034188	0.251908397
rep4	42	2.5.C	0.130952381	0.348189415	0.384892086	0.213017751	0.342019544	0.413489736	0.16802168	0.230538922
rep5	42	2.5.C	0.191374663	0.439862543	0.209964413	0.24	0.329749104	0.537634409	0.200680272	0.202346041
rep6	42	2.5.C	0.161290323	0.692946058	0.445054945	0.200557103	0.488888889	0.333333333	0.155555556	0.239067055
rep7	42	2.5.C	0.293447293	0.433898305	0.478764479	0.206293706	0.355828221	0.62305296	0.226415094	0.207317073
rep8	42	2.5.C	0.226299694	0.535836177	0.454545455	0.126182965	0.416666667	0.385269122	0.137096774	0.135211268
rep9	42	2.5.C	0.271386431	0.446254072	0.462837838	0.18852459	0.365448505	0.5	0.173789174	0.290322581
rep10	42	2.5.C	0.121293801	0.492481203	0.452	0.188925081	0.365517241	0.684745763	0.118483412	0.343661972
rep1	42	5.C	0.18251928	0.537037037	0.567010309	0.191860465	0.352272727	0.454819277	0.180758017	0.220238095
rep2	42	5.C	0.104	0.488461538	0.387096774	0.274853801	0.45620438	0.260526316	0.183050847	0.258992806
rep3	42	5.C	0.06918239	0.569023569	0.479099678	0.351190476	0.346456693	0.463414634	0.227272727	0.210691824
rep4	42	5.C	0.257534247	0.476744186	0.140468227	0.177464789	0.40647482	0.347985348	0.255319149	0.3375
rep5	42	5.C	0.333333333	0.245454545	0.495867769	0.169329073	0.265384615	0.441734417	0.231046931	0.267267267
rep6	42	5.C	0.21630094	0.324232082	0.396666667	0.332268371	0.262390671	0.388379205	0.865168539	0.244444444
rep7	42	5.C	0.261904762	0.434146341	0.482608696	0.112391931	0.274900398	0.301526718	0.25203252	0.330218069
rep8	42	5.C	0.076687117	0.419354839	0.541666667	0.250773994	0.255244755	0.517730496	0.370277078	0.372492837
rep9	42	5.C	0.375	0.609848485	0.665217391	0.236162362	0.454918033	0.340425532	0.243636364	0.335211268
rep10	42	5.C	0.224242424	0.55	0.370967742	0.237288136	0.385714286	0.391036606	0.306122449	0.248663102
rep1	42	7.5.C	0.172680412	0.366101695	0.433898305	0.141388175	0.173780488	0.226586103	0.212195122	0.173913043
rep2	42	7.5.C	0.240549828	0.487804878	0.477777778	0.166666667	0.351515152	0.340277778	0.236467236	0.194736842
rep3	42	7.5.C	0.188449848	0.36121673	0.53164557	0.23943662	0.200704225	0.304477612	0.181058496	0.250783699
rep4	42	7.5.C	0.0625	0.642023346	0.418772563	0.156739812	0.19269103	0.282608696	0.148681055	0.244623656
rep5	42	7.5.C	0.252077562	0.439102564	0.404081633	0.159574468	0.30877193	0.177257525	0.194630872	0.212698413
rep6	42	7.5.C	0.213793103	0.831417625	0.47826087	0.222493888	0.244966443	0.353982301	0.168508287	0.282894737
rep7	42	7.5.C	0.199421965	0.323529412	0.561643836	0.209375	0.250793651	0.260869565	0.14511041	0.185185185
rep8	42	7.5.C	0.253968254	0.426710098	0.56996587	0.198113208	0.295620438	0.270440252	0.225	0.266331658
rep9	42	7.5.C	0.221088435	0.346715328	0.425373134	0.256097561	0.343971631	0.264705882	0.182389937	0.254143646
rep10	42	7.5.C	0.225	0.622418879	0.342857143	0.249134948	0.328519856	0.446629213	0.191549296	0.307909605
rep1	42	10.C	0.135802469	0.32208589	0.333333333	0.156342183	0.229927007	0.257894737	0.119363395	0.153005464
rep2	42	10.C	0.153125	0.560869565	0.395017794	0.155882353	0.20295203	0.305555556	0.162393162	0.236914601
rep3	42	10.C	0.260869565	0.387596899	0.423076923	0.194174757	0.214912281	0.28992629	0.106312292	0.231231231
rep4	42	10.C	0.203539823	0.382550336	0.381132075	0.147368421	0.170454545	0.317901235	0.136871508	0.210666667
rep5	42	10.C	0.178913738	0.351239669	0.405857741	0.169329073	0.315436242	0.207407407	0.131661442	0.212903226
rep6	42	10.C	0.145833333	0.326241135	0.428571429	0.141025641	0.230769231	0.21958457	0.232954545	0.180821918
rep7	42	10.C	0.156498674	0.561128527	0.363636364	0.169611307	0.248148148	0.203349282	0.201704545	0.198757764
rep8	42	10.C	0.135638298	0.314285714	0.48943662	0.085790885	0.232	0.226229508	0.116719243	0.265517241
rep9	42	10.C	0.088235294	0.343558282	0.392226148	0.18429003	0.22745098	0.238390093	0.167123288	0.207692308
rep10	42	10.C	0.252336449	0.473154362	0.371212121	0.168141593	0.231650403	0.276515152	0.183946488	0.252225519
rep1	42	dark	0.308441558	0.495762712	0.490740741	0.201413428	0.363636364	0.649484536	0.303206997	0.219298246
rep2	42	dark	0.188481675	0.503731343	0.54375	0.205521472	0.369426752	0.538674033	0.241847826	0.194520548
rep3	42	dark	0.211699164	0.451327434	0.607913669	0.215139442	0.42228739	0.419254658	0.127478754	0.263157895
rep4	42	dark	0.264150943	0.512280702	0.676470588	0.203947368	0.326315789	0.413793103	0.247813411	0.242424242
rep5	42	dark	0.15954416	0.441295547	0.333333333	0.30952381	0.325925926	0.352409639	0.15503876	0.256559767
rep6	42	dark	0.259146341	0.65248227	0.666666667	0.135646688	0.270186335	0.121212121	0.348901099	0.235127479
rep7	42	dark	0.225080386	0.484939759	0.447761194	0.202531646	0.433898305	0.356545961	0.211764706	0.165841584
rep8	42	dark	0.20959596	0.332214765	0.498154982	0.196581197	0.344537815	0.433701657	0.335347432	0.319018405
rep9	42	dark	0.234693878	0.628762542	0.395256917	0.197183099	0.339869281	0.319371728	0.206349206	0.235772358
rep10	42	dark	0.161716172	0.458471761	0.57751938	0.177884615	0.292490119	0.360696517	0.225352113	0.243243243
rep1	56	-2.5.C	0.082352941	0.124620061	0.105084746	0.106936416	0.13190184	0.097826087	0.152542373	0.132307692
rep2	56	-2.5.C	0.080838323	0.178030303	0.168949772	0.113636364	0.192118227	0.124161074	0.13003096	0.154098361
rep3	56	-2.5.C	0.076530612	0.206557377	0.148594378	0.110749186	0.12987013	0.107954545	0.102484472	0.176300578
rep4	56	-2.5.C	0.071246819	0.270833333	0.223529412	0.110119048	0.100649351	0.092643052	0.109634551	0.12716763
rep5	56	-2.5.C	0.095930233	0.137583893	0.17571885	0.086805556	0.184100418	0.096418733	0.122754491	0.138211382
rep6	56	-2.5.C	0.090909091	0.183279743	0.142857143	0.130584192	0.119047619	0.108753316	0.100286533	0.191549296
rep7	56	-2.5.C	0.051771117	0.172316384	0.142857143	0.103448276	0.137681159	0.105263158	0.12037037	0.16
rep8	56	-2.5.C	0.061583578	0.209964413	0.144032922	0.14532872	0.148	0.117449664	0.121568627	0.166666667
rep9	56	-2.5.C	0.063186813	0.160447761	0.161716172	0.144628099	0.141891892	0.127659574	0.15015015	0.120448179
rep10	56	-2.5.C	0.093023256	0.247148289	0.145228216	0.12797619	0.215277778	0.094076655	0.106451613	0.187919463
rep1	56	0.C	0.121495327	0.352697095	0.370481928	0.1125	0.1625	0.528619529	0.266853933	0.236421725
rep2	56	0.C	0.18597561	0.356164384	0.449612403	0.255972696	0.224080268	0.512396694	0.370860927	0.317333333
rep3	56	0.C	0.161490683	0.311897106	0.289473684	0.16194332	0.178438662	0.52987013	0.544554455	0.24925816
rep4	56	0.C	0.099033816	0.225296443	0.175159236	0.247557003	0.192090395	0.536931818	0.428571429	0.210884354
rep5	56	0.C	0.200581395	0.369477912	0.24137931	0.111821086	0.141868512	0.383753501	0.378238342	0.221105528
rep6	56	0.C	0.126262626	0.38410596	0.285714286	0.161716172	0.140969163	0.385350318	0.243243243	0.328125
rep7	56	0.C	0.163101604	0.359259259	0.279693487	0.28685259	0.311403509	0.403703704	0.297297297	0.292011019
rep8	56	0.C	0.140583554	0.384328358	0.407725322	0.246153846	0.116731518	0.650943396	0.344	0.183800623
rep9	56	0.C	0.214285714	0.164383562	0.319852941	0.186046512	0.348148148	0.315789474	0.247978437	0.258928571
rep10	56	0.C	0.120879121	0.297709924	0.173431734	0.262569832	0.188	0.311239193	0.286516854	0.275316456
rep1	56	2.5.C	0.430232558	0.507194245	0.314606742	0.261682243	0.459649123	0.597402597	0.200527704	0.318181818
rep2	56	2.5.C	0.26645768	0.420529801	0.837735849	0.08	0.404682274	0.615183246	0.356923077	0.305128205
rep3	56	2.5.C	0.183257919	0.620437956	0.449799197	0.255172414	0.31557377	0.5	0.217741935	0.34421365
rep4	56	2.5.C	0.099071207	0.415282392	0.472222222	0.268041237	0.428571429	0.577319588	0.364640884	0.430976431
rep5	56	2.5.C	0.330383481	0.387283237	0.575289575	0.259649123	0.470588235	0.589123867	0.303225806	0.263157895
rep6	56	2.5.C	0.144444444	0.706713781	0.719230769	0.343558282	0.487804878	0.625899281	0.199445983	0.272108844
rep7	56	2.5.C	0.332361516	0.522435897	0.571428571	0.297619048	0.882113821	0.332369942	0.278959811	0.339339339
rep8	56	2.5.C	0.385113269	0.471518987	0.216814159	0.221893491	0.37826087	0.452380952	0.3832021	0.355721393
rep9	56	2.5.C	0.388157895	0.299401198	0.418918919	0.257534247	0.33968254	0.395348837	0.381656805	0.363309353
rep10	56	2.5.C	0.300632911	0.721568627	0.645833333	0.37012987	0.428571429	0.294444444	0.308605341	0.429394813
rep1	56	5.C	0.496932515	0.727272727	0.656534954	0.326086957	0.497487437	0.519685039	0.523364486	0.379213483
rep2	56	5.C	0.456647399	0.720930233	0.56043956	0.242753623	0.335423197	0.471882641	0.335347432	0.318181818
rep3	56	5.C	0.236979167	0.532467532	0.502283105	0.50390625	0.512	0.421621622	0.389502762	0.359296482
rep4	56	5.C	0.360881543	0.367272727	0.410828025	0.302197802	0.270627063	0.524495677	0.413793103	0.310679612
rep5	56	5.C	0.225519288	0.67037037	0.344709898	0.210884354	0.408450704	0.67816092	0.397476341	0.422939068
rep6	56	5.C	0.421538462	0.425595238	0.416030534	0.297945205	0.498305085	0.397660819	0.401098901	0.623493976
rep7	56	5.C	0.218508997	0.629166667	0.597014925	0.256797583	0.488461538	0.264984227	0.301333333	0.487252125
rep8	56	5.C	0.293506494	0.760445682	0.624573379	0.32361516	0.485294118	0.631868132	0.26625387	0.849829352
rep9	56	5.C	0.382978723	0.515789474	0.483108108	0.218954248	0.421800948	0.738170347	0.599337748	0.656069364
rep10	56	5.C	0.293706294	0.397769517	0.603333333	0.280487805	0.450643777	0.542372881	0.435013263	0.390243902
rep1	56	7.5.C	0.279635258	0.603238866	0.435251799	0.291525424	0.3878327	0.423728814	0.185294118	0.361702128
rep2	56	7.5.C	0.194610778	0.427419355	0.519480519	0.30794702	0.362204724	0.216828479	0.188059701	0.189189189
rep3	56	7.5.C	0.213213213	0.521035599	0.465986395	0.233429395	0.196774194	0.361867704	0.285234899	0.274787535
rep4	56	7.5.C	0.31629393	0.431095406	0.544776119	0.29512894	0.25	0.551282051	0.238461538	0.247648903
rep5	56	7.5.C	0.260273973	0.587030717	0.622302158	0.188679245	0.136363636	0.193277311	0.229508197	0.417508418
rep6	56	7.5.C	0.326599327	0.534883721	0.579831933	0.216463415	0.272425249	0.49122807	0.333333333	0.414110429
rep7	56	7.5.C	0.368271955	0.431438127	0.476793249	0.204402516	0.292253521	0.507331378	0.174311927	0.412698413
rep8	56	7.5.C	0.103658537	0.620689655	0.549586777	0.221453287	0.28515625	0.24940048	0.236065574	0.343434343
rep9	56	7.5.C	0.293181818	0.596491228	0.638554217	0.175084175	0.35	0.514705882	0.168789809	0.346666667
rep10	56	7.5.C	0.361764706	0.458204334	0.527972028	0.149484536	0.233898305	0.487889273	0.25877193	0.354948805
rep1	56	10.C	0.280701754	0.485094851	0.35059761	0.204472843	0.188498403	0.37254902	0.186440678	0.205882353
rep2	56	10.C	0.197260274	0.291366906	0.429118774	0.186390533	0.230519481	0.401146132	0.222222222	0.195822454
rep3	56	10.C	0.195845697	0.525423729	0.454901961	0.210031348	0.202205882	0.271929825	0.256637168	0.211838006
rep4	56	10.C	0.316129032	0.435114504	0.463276836	0.195979899	0.189090909	0.280991736	0.285353535	0.198051948
rep5	56	10.C	0.179624665	0.408823529	0.44200627	0.240418118	0.154135338	0.238390093	0.315634218	0.228395062
rep6	56	10.C	0.268882175	0.5625	0.330434783	0.18487395	0.204460967	0.330769231	0.275659824	0.197530864
rep7	56	10.C	0.291428571	0.35504886	0.396313364	0.259689922	0.166123779	0.325183374	0.210227273	0.181268882
rep8	56	10.C	0.261437908	0.4204947	0.276816609	0.174603175	0.285714286	0.282555283	0.205521472	0.303303303
rep9	56	10.C	0.146835443	0.473498233	0.408921933	0.170731707	0.237588652	0.238235294	0.247126437	0.172489083
rep10	56	10.C	0.155612245	0.530172414	0.374468085	0.142857143	0.234200743	0.511254019	0.197260274	0.16112532
rep1	56	dark	0.273417722	0.721461187	0.471774194	0.199335548	0.391156463	0.383522727	0.354223433	0.307909605
rep2	56	dark	0.211895911	0.540069686	0.510869565	0.304878049	0.393081761	0.550632911	0.382022472	0.35
rep3	56	dark	0.35261708	0.552816901	0.680272109	0.281355932	0.527131783	0.384	0.338422392	0.440625
rep4	56	dark	0.302469136	0.75502008	0.417241379	0.234200743	0.286184211	0.624242424	0.357859532	0.378590078
rep5	56	dark	0.363112392	0.62745098	0.6996337	0.29153605	0.352313167	0.497191011	0.315186246	0.456233422
rep6	56	dark	0.439093484	0.602777778	0.695804196	0.23381295	0.283828383	0.365	0.29375	0.4625
rep7	56	dark	0.110759494	0.433908046	0.609375	0.206703911	0.360927152	0.557692308	0.504983389	0.27154047
rep8	56	dark	0.260638298	0.830388693	0.614334471	0.167741935	0.274647887	0.458041958	0.434782609	0.29144385
rep9	56	dark	0.292207792	0.593283582	0.777419355	0.285714286	0.307189542	0.680921053	0.217721519	0.424332344
rep10	56	dark	0.229508197	0.642857143	0.588028169	0.300940439	0.425087108	0.465373961	0.26031746	0.523076923
rep1	70	-2.5.C	0.054455446	0.158385093	0.151408451	0.158671587	0.067873303	0.135220126	0.118181818	0.224932249
rep2	70	-2.5.C	0.077830189	0.136531365	0.109756098	0.137123746	0.069686411	0.112903226	0.155487805	0.149717514
rep3	70	-2.5.C	0.044817927	0.150289017	0.15018315	0.168091168	0.141914191	0.15625	0.099071207	0.145205479
rep4	70	-2.5.C	0.096153846	0.197080292	0.187793427	0.126182965	0.113744076	0.131578947	0.111405836	0.272486772
rep5	70	-2.5.C	0.058823529	0.111864407	0.165605096	0.126582278	0.090225564	0.118012422	0.094339623	0.191666667
rep6	70	-2.5.C	0.070769231	0.179577465	0.103896104	0.131578947	0.114068441	0.116838488	0.192200557	0.149837134
rep7	70	-2.5.C	0.098265896	0.127388535	0.161290323	0.117493473	0.107638889	0.118589744	0.163204748	0.114457831
rep8	70	-2.5.C	0.099236641	0.178451178	0.173501577	0.149700599	0.120967742	0.175257732	0.150159744	0.294736842
rep9	70	-2.5.C	0.091445428	0.128404669	0.107296137	0.13283208	0.09765625	0.104278075	0.135359116	0.144475921
rep10	70	-2.5.C	0.067839196	0.178683386	0.175182482	0.164179104	0.077170418	0.101851852	0.108974359	0.121447028
rep1	70	0.C	0.24301676	0.429022082	0.123853211	0.232786885	0.093167702	0.2625	0.515337423	0.545189504
rep2	70	0.C	0.174262735	0.592592593	0.416666667	0.252906977	0.227272727	0.333333333	0.387951807	0.289124668
rep3	70	0.C	0.154676259	0.194202899	0.578125	0.073529412	0.124113475	0.417808219	0.552050473	0.303951368
rep4	70	0.C	0.145985401	0.264705882	0.431578947	0.120521173	0.35193133	0.313993174	0.557522124	0.410029499
rep5	70	0.C	0.238461538	0.543103448	0.284	0.116541353	0.247524752	0.295302013	0.679411765	0.359133127
rep6	70	0.C	0.160326087	0.389105058	0.436823105	0.213649852	0.365384615	0.152380952	0.761006289	0.208762887
rep7	70	0.C	0.160949868	0.452380952	0.392241379	0.100917431	0.348547718	0.538834951	0.291262136	0.308743169
rep8	70	0.C	0.195121951	0.418006431	0.412751678	0.202247191	0.228215768	0.44	0.715151515	0.659163987
rep9	70	0.C	0.156923077	0.22983871	0.408496732	0.19047619	0.120805369	0.409638554	0.472413793	0.223097113
rep10	70	0.C	0.202416918	0.379928315	0.264069264	0.173633441	0.300353357	0.504761905	0.647208122	0.187311178
rep1	70	2.5.C	0.382089552	0.981060606	0.635738832	0.457142857	0.731707317	0.914285714	0.401785714	0.390909091
rep2	70	2.5.C	0.416413374	0.741610738	0.818181818	0.355029586	0.732283465	0.578571429	0.476351351	0.241071429
rep3	70	2.5.C	0.333333333	0.494661922	0.562737643	0.419354839	0.596100279	0.718487395	0.528610354	0.632152589
rep4	70	2.5.C	0.286764706	0.592592593	0.6875	0.37755102	0.72173913	1	0.437346437	0.320945946
rep5	70	2.5.C	0.240437158	0.729230769	0.624521073	0.196319018	0.717607973	0.861413043	0.668571429	0.535612536
rep6	70	2.5.C	0.556231003	0.433212996	0.628458498	0.293768546	0.199324324	0.313888889	0.335766423	0.18766756
rep7	70	2.5.C	0.412532637	0.618181818	0.679324895	0.304878049	0.461538462	0.70030581	0.642335766	0.300291545
rep8	70	2.5.C	0.299418605	0.793220339	0.825095057	0.365187713	0.490909091	0.287449393	0.615591398	0.693506494
rep9	70	2.5.C	0.254355401	0.636645963	0.532786885	0.198863636	0.691176471	0.665540541	0.371428571	0.603658537
rep10	70	2.5.C	0.433898305	0.754578755	0.510460251	0.342541436	0.503424658	0.705454545	0.510869565	0.43620178
rep1	70	5.C	0.482993197	0.597069597	0.787755102	0.467647059	0.447712418	0.431884058	0.387959866	0.226229508
rep2	70	5.C	0.40647482	0.561056106	0.742857143	0.315384615	0.350819672	0.615646259	0.528700906	0.547752809
rep3	70	5.C	0.378947368	0.994152047	0.850622407	0.556195965	0.59566787	0.521865889	0.731034483	0.513196481
rep4	70	5.C	0.247395833	0.677664975	0.618055556	0.762376238	0.623145401	0.535315985	0.379069767	0.510895884
rep5	70	5.C	0.240449438	0.534482759	0.731060606	0.417475728	0.446808511	0.829268293	0.597964377	0.371052632
rep6	70	5.C	0.292225201	0.913621262	0.776824034	0.524875622	0.711340206	0.571428571	0.602325581	0.537313433
rep7	70	5.C	0.568253968	0.972477064	0.672985782	0.399399399	0.652307692	0.772616137	0.550387597	0.414565826
rep8	70	5.C	0.446735395	0.586666667	0.576	0.382758621	0.555555556	0.535108959	0.679886686	0.537671233
rep9	70	5.C	0.5	0.624548736	0.53358209	0.496621622	0.562264151	0.724358974	0.442477876	0.448504983
rep10	70	5.C	0.274151436	0.81184669	0.58974359	0.086124402	0.876221498	0.602373887	0.544198895	0.3657289
rep1	70	7.5.C	0.232638889	0.588679245	0.5859375	0.292537313	0.26446281	0.50625	0.226600985	0.256684492
rep2	70	7.5.C	0.288220551	0.59245283	0.650176678	0.256097561	0.433242507	0.288590604	0.156769596	0.549839228
rep3	70	7.5.C	0.252459016	0.579831933	0.384364821	0.369146006	0.350724638	0.320158103	0.259146341	0.588235294
rep4	70	7.5.C	0.448504983	0.828193833	0.727598566	0.452229299	0.380794702	0.5	0.633952255	0.734375
rep5	70	7.5.C	0.216216216	0.566037736	0.463576159	0.321621622	0.362776025	0.359683794	0.616564417	0.439759036
rep6	70	7.5.C	0.547826087	0.498281787	0.577777778	0.429394813	0.295942721	0.222627737	0.360759494	0.746428571
rep7	70	7.5.C	0.264705882	0.438162544	0.644366197	0.267942584	0.253561254	0.670212766	0.305637982	0.683377309
rep8	70	7.5.C	0.365122616	0.448529412	0.725388601	0.386503067	0.235099338	0.475177305	0.391930836	0.575471698
rep9	70	7.5.C	0.169712794	0.714285714	0.744274809	0.251497006	0.368563686	0.752	0.199376947	0.712418301
rep10	70	7.5.C	0.251552795	0.758957655	0.528239203	0.303116147	0.246105919	0.784194529	0.382059801	0.5
rep1	70	10.C	0.222222222	0.41221374	0.380753138	0.241590214	0.203333333	0.382978723	0.245033113	0.246835443
rep2	70	10.C	0.248138958	0.645454545	0.578181818	0.18627451	0.189102564	0.572254335	0.244956772	0.300353357
rep3	70	10.C	0.199300699	0.526690391	0.475177305	0.212121212	0.258160237	0.358166189	0.308823529	0.249169435
rep4	70	10.C	0.228205128	0.579166667	0.399159664	0.217252396	0.2	0.27734375	0.12654321	0.298102981
rep5	70	10.C	0.16856492	0.326612903	0.390438247	0.175977654	0.278388278	0.325648415	0.194528875	0.207006369
rep6	70	10.C	0.240793201	0.351973684	0.40647482	0.345724907	0.231111111	0.230769231	0.149305556	0.177285319
rep7	70	10.C	0.168	0.375	0.495833333	0.26911315	0.288770053	0.26625387	0.178977273	0.303964758
rep8	70	10.C	0.252148997	0.487972509	0.493055556	0.16838488	0.200854701	0.316151203	0.25617284	0.224199288
rep9	70	10.C	0.178378378	0.482288828	0.532338308	0.266393443	0.298755187	0.578231293	0.239130435	0.236486486
rep10	70	10.C	0.189473684	0.496296296	0.517647059	0.312328767	0.219858156	0.320588235	0.206790123	0.293515358
rep1	70	dark	0.279069767	0.807926829	0.841642229	0.313333333	0.710963455	0.837423313	0.305210918	0.510385757
rep2	70	dark	0.455384615	0.737903226	0.553633218	0.243553009	0.432624113	0.570570571	0.362017804	0.612804878
rep3	70	dark	0.521621622	0.767918089	0.618811881	0.337531486	0.347107438	0.663888889	0.503875969	0.47826087
rep4	70	dark	0.516129032	0.595238095	0.777292576	0.259052925	0.518672199	0.410852713	0.704697987	0.539440204
rep5	70	dark	0.430136986	0.719298246	0.77734375	0.253644315	0.602112676	0.837920489	0.534946237	0.546703297
rep6	70	dark	0.283667622	0.783464567	0.769230769	0.178470255	0.730290456	0.5525	0.553140097	0.549450549
rep7	70	dark	0.378516624	0.775725594	0.479365079	0.390374332	0.476027397	0.667763158	0.52994012	0.446153846
rep8	70	dark	0.196428571	0.621399177	0.687242798	0.277602524	0.468944099	0.585760518	0.600566572	0.363945578
rep9	70	dark	0.419243986	0.728937729	0.642585551	0.341296928	0.662020906	0.76340694	0.458100559	0.46105919
rep10	70	dark	0.129129129	0.651877133	0.914285714	0.60137457	0.66255144	0.887272727	0.603498542	0.648734177
rep1	84	-2.5.C	0.146892655	0.22605364	0.224576271	0.118181818	0.114478114	0.106741573	0.266211604	0.121134021
rep2	84	-2.5.C	0.115577889	0.261261261	0.229571984	0.115625	0.147601476	0.102112676	0.182890855	0.52484472
rep3	84	-2.5.C	0.090163934	0.222222222	0.150793651	0.139534884	0.142857143	0.126153846	0.249230769	0.134146341
rep4	84	-2.5.C	0.129032258	0.176691729	0.176954733	0.129449838	0.117021277	0.116751269	0.166666667	0.284900285
rep5	84	-2.5.C	0.100271003	0.210526316	0.20746888	0.137724551	0.176470588	0.10755814	0.114754098	0.1414791
rep6	84	-2.5.C	0.090464548	0.199029126	0.182481752	0.287197232	0.116465863	0.138790036	0.211764706	0.157303371
rep7	84	-2.5.C	0.082236842	0.232142857	0.203883495	0.123076923	0.103333333	0.129707113	0.18815331	0.141025641
rep8	84	-2.5.C	0.113636364	0.203252033	0.148387097	0.108108108	0.108552632	0.102564103	0.101298701	0.344262295
rep9	84	-2.5.C	0.076487252	0.145098039	0.141025641	0.14516129	0.105058366	0.11778291	0.203309693	0.268361582
rep10	84	-2.5.C	0.062686567	0.242320819	0.167364017	0.152298851	0.199074074	0.113636364	0.23699422	0.205583756
rep1	84	0.C	0.189473684	0.584045584	0.539249147	0.232628399	0.517915309	0.769230769	0.668292683	0.149390244
rep2	84	0.C	0.155988858	0.747211896	0.59009009	0.305389222	0.562068966	0.417508418	0.561264822	0.364341085
rep3	84	0.C	0.31835206	0.474522293	0.468085106	0.15576324	0.652777778	0.564564565	0.544378698	0.539823009
rep4	84	0.C	0.27852349	0.485245902	0.594594595	0.116182573	0.602739726	0.659509202	0.560260586	0.291390728
rep5	84	0.C	0.334346505	0.672077922	0.442708333	0.147668394	0.479310345	0.696498054	0.588785047	0.301169591
rep6	84	0.C	0.262548263	0.443729904	0.781021898	0.281065089	0.283536585	1	0.43989071	0.506024096
rep7	84	0.C	0.310344828	0.340501792	0.56626506	0.397553517	0.123333333	0.923333333	0.508571429	0.295180723
rep8	84	0.C	0.198776758	0.448931116	0.651821862	0.350923483	0.30449827	0.509749304	0.459701493	0.154450262
rep9	84	0.C	0.11023622	0.606271777	0.725274725	0.390243902	0.383098592	0.832869081	0.538922156	0.634482759
rep10	84	0.C	0.333333333	0.705882353	0.571942446	0.305755396	0.192307692	0.626146789	0.602693603	0.385826772
rep1	84	2.5.C	0.229333333	0.847014925	0.872807018	0.374647887	1	0.423076923	0.644776119	0.677419355
rep2	84	2.5.C	0.519125683	0.791277259	0.812	0.554517134	0.664772727	0.920265781	0.849056604	0.777777778
rep3	84	2.5.C	0.392572944	0.948553055	1	0.544776119	0.8113879	0.855932203	0.498470948	0.704663212
rep4	84	2.5.C	0.488095238	0.664122137	0.725423729	0.460674157	0.750819672	0.833865815	0.81402439	0.552023121
rep5	84	2.5.C	0.42408377	0.971153846	0.923076923	0.495468278	0.610062893	0.943620178	0.545706371	0.745989305
rep6	84	2.5.C	0.310810811	0.956386293	0.815436242	0.409090909	0.820338983	0.838274933	0.64244186	0.702941176
rep7	84	2.5.C	0.448275862	1	0.871382637	0.418518519	0.662745098	0.594752187	0.463276836	0.662460568
rep8	84	2.5.C	0.222826087	1	0.8984375	0.346704871	0.610655738	0.976623377	0.686900958	0.673716012
rep9	84	2.5.C	0.532467532	0.836805556	0.681222707	0.495081967	0.697674419	0.498442368	0.758278146	0.489614243
rep10	84	2.5.C	0.670422535	0.908571429	0.758007117	0.483483483	0.688034188	0.951530612	0.487421384	0.748091603
rep1	84	5.C	0.469512195	0.962365591	0.859589041	0.550151976	0.647058824	0.85	0.715789474	0.483870968
rep2	84	5.C	0.490384615	0.846153846	0.941818182	0.665671642	0.489177489	0.986413043	0.825545171	0.692622951
rep3	84	5.C	0.66894198	0.954887218	0.762096774	0.284866469	0.519163763	0.78525641	0.428571429	0.468144044
rep4	84	5.C	0.51951952	0.82421875	0.702380952	0.193083573	0.658450704	0.686956522	0.523917995	0.599348534
rep5	84	5.C	0.422580645	0.919014085	0.937694704	0.531506849	0.753333333	0.928774929	0.750642674	0.790830946
rep6	84	5.C	0.382608696	0.985714286	0.792307692	0.473484848	0.786666667	0.945578231	0.798780488	0.835227273
rep7	84	5.C	0.71761658	0.810344828	0.907534247	0.632398754	0.604095563	0.608247423	0.843187661	0.793296089
rep8	84	5.C	0.251445087	0.90851735	0.774193548	0.569491525	0.524	0.702247191	0.643835616	0.432539683
rep9	84	5.C	0.347972973	0.700956938	0.947826087	0.240143369	0.71147541	0.473846154	0.655737705	0.505617978
rep10	84	5.C	0.345637584	0.785276074	0.701694915	0.591194969	0.637323944	0.92384106	0.850609756	0.409883721
rep1	84	7.5.C	0.481578947	0.501915709	0.69379845	0.25648415	0.47761194	1	0.262658228	0.543103448
rep2	84	7.5.C	0.318309859	0.712	0.567073171	0.234604106	0.565737052	0.263843648	0.293233083	0.560371517
rep3	84	7.5.C	0.447019868	0.656140351	0.581081081	0.207865169	0.222222222	0.594420601	0.402941176	0.344
rep4	84	7.5.C	0.296167247	0.60754717	0.461206897	0.274052478	0.424561404	0.62962963	0.427692308	0.442622951
rep5	84	7.5.C	0.360230548	0.643086817	0.654411765	0.331103679	0.295384615	0.294117647	0.375739645	0.525641026
rep6	84	7.5.C	0.363914373	0.859060403	0.573221757	0.434027778	0.400735294	0.708894879	0.825301205	0.405797101
rep7	84	7.5.C	0.368550369	0.368852459	0.895348837	0.381333333	0.547101449	0.37890625	0.247787611	0.566901408
rep8	84	7.5.C	0.326034063	0.640625	0.487544484	0.372372372	0.608365019	0.717532468	0.162790698	0.362068966
rep9	84	7.5.C	0.301886792	0.63878327	0.632508834	0.432	0.389261745	0.60960961	0.665562914	0.403508772
rep10	84	7.5.C	0.376506024	0.529680365	0.708333333	0.427860697	0.562753036	0.586885246	0.305714286	0.606606607
rep1	84	10.C	0.35016835	0.603076923	0.662251656	0.197492163	0.310580205	0.266881029	0.408312958	0.347972973
rep2	84	10.C	0.187319885	0.488095238	0.528497409	0.286738351	0.16872428	0.75	0.307692308	0.417322835
rep3	84	10.C	0.295031056	0.596428571	0.354581673	0.192	0.212121212	0.376237624	0.285365854	0.188679245
rep4	84	10.C	0.338235294	0.405325444	0.422535211	0.293447293	0.296187683	0.225609756	0.236180905	0.28956229
rep5	84	10.C	0.205787781	0.472491909	0.425619835	0.231578947	0.210526316	0.389830508	0.187134503	0.438650307
rep6	84	10.C	0.128205128	0.729452055	0.57751938	0.194888179	0.253787879	0.328990228	0.640718563	0.201612903
rep7	84	10.C	0.356741573	0.454225352	0.647577093	0.211038961	0.239616613	0.460869565	0.259459459	0.317073171
rep8	84	10.C	0.309309309	0.506756757	0.645985401	0.153638814	0.303514377	0.336088154	0.246334311	0.258426966
rep9	84	10.C	0.20718232	0.564912281	0.537634409	0.163987138	0.281853282	0.308290155	0.175182482	0.229946524
rep10	84	10.C	0.308383234	0.665427509	0.822393822	0.251396648	0.197452229	0.450331126	0.139107612	0.276785714
rep1	84	dark	0.624223602	0.813953488	0.763948498	0.366459627	0.719512195	0.677083333	0.407035176	0.566233766
rep2	84	dark	0.433628319	0.820598007	0.969111969	0.547619048	0.683127572	0.805263158	0.790419162	0.77688172
rep3	84	dark	0.532051282	0.702811245	0.887417219	0.322807018	0.677631579	1	0.351097179	0.56641604
rep4	84	dark	0.441747573	1	0.851162791	0.254966887	0.728624535	0.793650794	0.644444444	0.669211196
rep5	84	dark	0.367021277	0.927007299	0.675	0.234567901	0.699658703	0.612307692	0.75328084	0.464912281
rep6	84	dark	0.365079365	0.729007634	0.767123288	0.276872964	0.679054054	1	0.223796034	0.865517241
rep7	84	dark	0.296391753	0.961783439	0.707142857	0.323333333	0.371841155	0.920679887	0.480446927	0.547486034
rep8	84	dark	0.637724551	0.867521368	0.911214953	0.380352645	0.588414634	0.91689008	0.357988166	0.745454545
rep9	84	dark	0.440506329	0.734899329	0.89539749	0.516129032	0.637362637	1	0.731778426	0.597014925
rep10	84	dark	0.644736842	0.764044944	0.645768025	0.651757188	0.646840149	0.622775801	0.719512195	0.663793103
rep1	98	-2.5.C	0.168865435	0.262237762	0.252631579	0.084337349	0.17167382	0.119863014	0.31147541	0.178988327
rep2	98	-2.5.C	0.300859599	0.142857143	0.206081081	0.159259259	0.147651007	0.095541401	0.264797508	0.201550388
rep3	98	-2.5.C	0.104046243	0.193083573	0.243346008	0.07079646	0.175824176	0.11849711	0.124223602	0.152416357
rep4	98	-2.5.C	0.080267559	0.151612903	0.152985075	0.110062893	0.250965251	0.179144385	0.177177177	0.15210356
rep5	98	-2.5.C	0.07654321	0.201257862	0.209302326	0.189602446	0.129032258	0.125461255	0.269624573	0.143369176
rep6	98	-2.5.C	0.128676471	0.281385281	0.138888889	0.158783784	0.156794425	0.171052632	0.243727599	0.137931034
rep7	98	-2.5.C	0.147727273	0.147909968	0.232931727	0.124113475	0.142857143	0.190938511	0.494350282	0.199346405
rep8	98	-2.5.C	0.112956811	0.192622951	0.196347032	0.121372032	0.162055336	0.185915493	0.173684211	0.09039548
rep9	98	-2.5.C	0.126520681	0.14379085	0.152727273	0.163323782	0.125984252	0.193989071	0.425981873	0.138408304
rep10	98	-2.5.C	0.194666667	0.26744186	0.26056338	0.125899281	0.086142322	0.087837838	0.541538462	0.118032787
rep1	98	0.C	0.424148607	0.595238095	1	0.293296089	0.688172043	0.730366492	0.580434783	0.525073746
rep2	98	0.C	0.208588957	1	0.643086817	0.438356164	0.764542936	0.728873239	0.592307692	0.760456274
rep3	98	0.C	0.267515924	0.978494624	0.723905724	0.275	0.749216301	1	0.558064516	0.890625
rep4	98	0.C	0.290801187	0.871111111	0.84717608	0.153333333	0.680701754	1	0.60058309	0.514925373
rep5	98	0.C	0.412903226	0.64806867	0.650655022	0.304225352	0.309160305	0.717171717	0.480446927	0.5795053
rep6	98	0.C	0.567901235	0.636363636	0.862068966	0.445820433	0.630508475	0.928191489	0.568452381	0.643356643
rep7	98	0.C	0.306188925	1	0.703862661	0.379120879	0.193846154	1	0.327433628	0.533834586
rep8	98	0.C	0.378865979	0.852842809	0.875471698	0.617563739	0.2	1	0.828804348	0.76171875
rep9	98	0.C	0.234693878	0.739299611	0.985294118	0.405759162	0.586419753	1	0.884146341	0.193396226
rep10	98	0.C	0.382165605	0.786476868	0.976076555	0.425474255	0.462745098	1	0.474474474	0.677631579
rep1	98	2.5.C	0.801282051	0.819397993	0.786324786	0.593103448	0.727915194	1	0.784741144	0.470817121
rep2	98	2.5.C	0.656357388	0.773529412	0.821576763	0.317241379	0.985915493	0.125356125	0.908309456	0.911660777
rep3	98	2.5.C	0.665738162	0.851590106	0.928571429	0.776357827	0.868686869	0.94198895	0.665280665	0.888446215
rep4	98	2.5.C	0.677083333	0.941176471	0.902777778	0.738636364	0.829351536	0.950980392	0.632152589	0.886666667
rep5	98	2.5.C	0.524216524	1	0.972049689	0.795755968	0.865546218	1	0.951923077	0.373333333
rep6	98	2.5.C	0.642599278	0.962825279	0.888	0.285234899	0.900990099	1	0.807926829	0.695804196
rep7	98	2.5.C	0.149560117	0.807926829	0.97993311	0.503937008	0.842911877	1	0.896358543	0.921985816
rep8	98	2.5.C	0.653179191	0.931654676	0.923611111	0.704861111	0.955479452	1	0.74	0.881040892
rep9	98	2.5.C	0.446115288	0.893280632	0.821192053	0.757692308	0.740863787	1	0.8	0.746666667
rep10	98	2.5.C	0.564792176	0.747663551	0.869047619	0.49201278	0.911347518	1	0.637873754	1
rep1	98	5.C	0.572953737	1	0.382198953	1	0.954929577	0.506024096	0.775	0.71967655
rep2	98	5.C	0.803149606	1	0.911894273	0.989966555	0.830708661	0.883561644	0.899022801	0.780564263
rep3	98	5.C	0.800554017	0.852140078	0.932835821	0.87456446	0.837944664	0.898550725	0.841823056	0.728395062
rep4	98	5.C	0.564564565	0.833333333	0.810218978	0.447592068	0.848684211	0.512820513	0.954545455	0.886986301
rep5	98	5.C	0.533834586	1	0.885572139	0.857142857	0.680933852	0.799426934	0.849582173	0.717333333
rep6	98	5.C	0.612121212	0.866449511	0.920152091	0.829268293	0.853658537	0.572881356	0.677142857	0.384083045
rep7	98	5.C	0.607526882	0.972144847	1	0.526595745	0.940993789	0.826315789	0.637119114	0.661184211
rep8	98	5.C	0.866468843	1	0.856617647	0.58974359	0.834677419	0.48973607	0.865979381	0.315340909
rep9	98	5.C	0.759375	0.801526718	0.784090909	0.748166259	0.523131673	1	0.514666667	0.438848921
rep10	98	5.C	0.690217391	0.931623932	1	0.690721649	0.842105263	1	0.861591696	0.848591549
rep1	98	7.5.C	0.472463768	0.538011696	0.711743772	0.250764526	0.605633803	0.667673716	0.590163934	0.614130435
rep2	98	7.5.C	0.43315508	0.874100719	0.992565056	0.321428571	0.691729323	0.409495549	0.211428571	0.376146789
rep3	98	7.5.C	0.39481268	0.77173913	0.769230769	0.251412429	0.540925267	0.952380952	0.343465046	0.401215805
rep4	98	7.5.C	0.286697248	0.701244813	0.680297398	0.588996764	0.342948718	0.96037296	0.344117647	0.275167785
rep5	98	7.5.C	0.513422819	0.448753463	0.861924686	0.190348525	0.359848485	0.843843844	0.527439024	0.606896552
rep6	98	7.5.C	0.365853659	0.803149606	0.725409836	0.332307692	0.453571429	0.76369863	0.522193211	0.538461538
rep7	98	7.5.C	0.365671642	0.668989547	0.816479401	0.384823848	0.413333333	0.660377358	0.469101124	0.546242775
rep8	98	7.5.C	0.646258503	0.552631579	0.930434783	0.355555556	0.347682119	0.305147059	0.404558405	0.339449541
rep9	98	7.5.C	0.362433862	0.405750799	0.725321888	0.362676056	0.41221374	0.552777778	0.46474359	0.401294498
rep10	98	7.5.C	0.446969697	0.822822823	0.762886598	0.255813953	0.425454545	0.839464883	0.418397626	0.554054054
rep1	98	10.C	0.325068871	0.642066421	0.528428094	0.477443609	0.359375	0.424778761	0.264705882	0.306233062
rep2	98	10.C	0.258992806	0.589641434	0.63003663	0.219135802	0.16909621	0.503067485	0.277310924	0.158774373
rep3	98	10.C	0.329639889	0.536050157	0.506224066	0.20625	0.205673759	0.549839228	0.393548387	0.327464789
rep4	98	10.C	0.227810651	0.591549296	0.519480519	0.214285714	0.236051502	0.561497326	0.311926606	0.260869565
rep5	98	10.C	0.313829787	0.655405405	0.675799087	0.229032258	0.270967742	0.308383234	0.331506849	0.320954907
rep6	98	10.C	0.257790368	0.508532423	0.580536913	0.272727273	0.461279461	0.591439689	0.218023256	0.24024024
rep7	98	10.C	0.293150685	0.424242424	0.586080586	0.262798635	0.232786885	0.405498282	0.25729443	0.212765957
rep8	98	10.C	0.344615385	0.611295681	0.340136054	0.341549296	0.225680934	0.265175719	0.436657682	0.246666667
rep9	98	10.C	0.263456091	0.528571429	0.446666667	0.205047319	0.295546559	0.29305136	0.24099723	0.344827586
rep10	98	10.C	0.502702703	0.354961832	0.381481481	0.378917379	0.172690763	0.522988506	0.24829932	0.339393939
rep1	98	dark	0.684971098	0.990033223	1	0.577507599	0.688829787	0.913690476	0.71875	0.689230769
rep2	98	dark	0.898026316	1	1	0.736842105	0.853932584	1	0.677142857	0.851351351
rep3	98	dark	0.453400504	0.877394636	0.851851852	0.29787234	0.774074074	1	0.721712538	0.637795276
rep4	98	dark	0.307106599	0.893129771	0.906896552	0.302428256	0.727272727	0.992346939	0.72459893	0.857651246
rep5	98	dark	0.462616822	0.92481203	0.912621359	0.549878345	0.793357934	0.803652968	0.665706052	0.770562771
rep6	98	dark	0.228365385	0.882352941	0.829931973	0.465909091	0.855263158	0.963636364	0.700879765	0.392857143
rep7	98	dark	0.611111111	0.982195846	0.831034483	0.77258567	0.989473684	0.769230769	0.723577236	0.830449827
rep8	98	dark	0.865951743	0.972508591	1	0.637426901	1	0.954326923	0.512048193	0.775280899
rep9	98	dark	0.612466125	1	0.627802691	0.613569322	1	1	0.58974359	1
rep10	98	dark	0.316953317	1	1	0.557432432	1	1	0.653614458	0.783882784
rep1	112	-2.5.C	0.268518519	0.305970149	0.350364964	0.39295393	0.138408304	0.155172414	0.122923588	0.160771704
rep2	112	-2.5.C	0.081081081	0.169354839	0.343971631	0.158088235	0.128472222	0.158640227	0.265957447	0.193771626
rep3	112	-2.5.C	0.157099698	0.218241042	0.264084507	0.191489362	0.155932203	0.179245283	0.271777003	0.134545455
rep4	112	-2.5.C	0.158176944	0.25170068	0.334558824	0.144262295	0.196787149	0.098159509	0.370588235	0.133116883
rep5	112	-2.5.C	0.162939297	0.284345048	0.325396825	0.131410256	0.144329897	0.081081081	0.302250804	0.104347826
rep6	112	-2.5.C	0.112	0.251937984	0.382352941	0.124637681	0.129411765	0.266666667	0.375	0.154241645
rep7	112	-2.5.C	0.132841328	0.217741935	0.257142857	0.187861272	0.133956386	0.30877193	0.309139785	0.098143236
rep8	112	-2.5.C	0.172413793	0.192592593	0.436213992	0.121118012	0.153179191	0.120906801	0.335276968	0.12238806
rep9	112	-2.5.C	0.198083067	0.425438596	0.372197309	0.128289474	0.125448029	0.114457831	0.146276596	0.128205128
rep10	112	-2.5.C	0.082142857	0.201438849	0.326460481	0.101941748	0.131868132	0.251815981	0.450479233	0.142857143
rep1	112	0.C	0.413881748	0.50929368	1	0.704545455	0.851851852	0.868073879	0.873646209	0.158774373
rep2	112	0.C	0.724832215	0.928838951	1	0.765079365	0.789297659	1	0.838345865	0.200581395
rep3	112	0.C	0.225903614	0.243169399	0.531914894	0.319018405	0.77689243	1	0.930147059	0.139751553
rep4	112	0.C	0.510769231	0.867088608	0.866883117	0.527272727	0.157692308	1	0.89632107	0.547244094
rep5	112	0.C	0.829850746	1	0.633165829	0.73964497	0.944444444	1	0.862745098	0.18487395
rep6	112	0.C	0.535	1	0.931707317	0.382059801	0.72246696	1	0.706713781	0.574307305
rep7	112	0.C	0.571428571	1	0.884615385	0.39100346	0.84717608	1	0.699300699	0.521452145
rep8	112	0.C	0.222841226	1	1	0.517730496	0.647230321	1	0.685512367	0.602484472
rep9	112	0.C	0.412532637	1	1	0.691780822	0.83203125	1	0.846405229	0.189839572
rep10	112	0.C	0.686486486	1	1	0.61407767	0.714285714	1	0.850806452	0.690625
rep1	112	2.5.C	0.718232044	0.726161369	0.747540984	0.796116505	0.816	0.572972973	1	0.786931818
rep2	112	2.5.C	0.733173077	1	1	0.812987013	1	0.793785311	1	0.826330532
rep3	112	2.5.C	0.776349614	0.885350318	0.931271478	0.600591716	0.985865724	0.830845771	0.703007519	0.771929825
rep4	112	2.5.C	0.883597884	0.993174061	0.59047619	0.673913043	0.809815951	0.934707904	0.801498127	0.887978142
rep5	112	2.5.C	0.858190709	0.911111111	0.798353909	0.854599407	1	0.888535032	0.771513353	0.816023739
rep6	112	2.5.C	0.789473684	0.954177898	1	0.689102564	1	1	0.915611814	0.204663212
rep7	112	2.5.C	0.760445682	0.902040816	1	0.581325301	1	1	0.912162162	0.780487805
rep8	112	2.5.C	0.528089888	0.825622776	1	0.594405594	1	1	0.790540541	0.701570681
rep9	112	2.5.C	0.610951009	1	1	0.850174216	1	1	0.976608187	0.823717949
rep10	112	2.5.C	1	1	1	0.397993311	1	1	0.903846154	0.481690141
rep1	112	5.C	0.862068966	0.918032787	0.865319865	0.90778098	0.784565916	0.980906921	0.746212121	0.848484848
rep2	112	5.C	0.818965517	0.789719626	0.966542751	0.663551402	0.775	0.903133903	0.838235294	0.868852459
rep3	112	5.C	0.356435644	0.907258065	0.929054054	0.586005831	0.916666667	0.926630435	0.567669173	0.865853659
rep4	112	5.C	0.581818182	1	0.953900709	0.663663664	0.827242525	1	0.958677686	0.733333333
rep5	112	5.C	0.923287671	1	0.839552239	0.513245033	0.443661972	1	0.764227642	0.685897436
rep6	112	5.C	0.909090909	1	0.734126984	0.578553616	0.649446494	1	0.962457338	0.893992933
rep7	112	5.C	0.695266272	1	0.901587302	0.903654485	0.663082437	1	0.844444444	1
rep8	112	5.C	0.738498789	1	0.845559846	0.821086262	0.781144781	1	0.715827338	0.441640379
rep9	112	5.C	0.607734807	1	1	1	1	1	0.910505837	1
rep10	112	5.C	1	1	1	1	1	1	1	1
rep1	112	7.5.C	0.358974359	0.912772586	0.896142433	0.454780362	0.466666667	0.625615764	0.357976654	0.448717949
rep2	112	7.5.C	0.526315789	0.858181818	0.680781759	0.291666667	0.591304348	0.360501567	0.492481203	0.261494253
rep3	112	7.5.C	0.487951807	0.631178707	0.898785425	0.33048433	0.786363636	0.647761194	0.535460993	0.432432432
rep4	112	7.5.C	0.527536232	0.953246753	0.586080586	0.747474747	0.607594937	0.362179487	0.295719844	0.540469974
rep5	112	7.5.C	0.835195531	0.658940397	0.846666667	0.630350195	0.572	0.477272727	0.624087591	0.47972973
rep6	112	7.5.C	0.56779661	0.883018868	0.684981685	0.448484848	0.593023256	0.606508876	0.624183007	0.684057971
rep7	112	7.5.C	0.710365854	0.84496124	0.651898734	0.288819876	0.617554859	0.663003663	0.180451128	0.607954545
rep8	112	7.5.C	0.434782609	0.76146789	1	0.405275779	0.755775578	0.5625	0.573076923	0.526912181
rep9	112	7.5.C	0.677233429	0.482233503	1	0.43902439	0.433212996	0.544342508	0.78	0.41369863
rep10	112	7.5.C	0.402439024	0.802325581	1	0.501650165	1	0.821670429	0.639830508	0.495384615
rep1	112	10.C	0.25	0.662295082	0.347826087	0.249230769	0.230263158	0.310954064	0.201520913	0.313664596
rep2	112	10.C	0.208860759	0.650862069	0.5	0.233727811	0.187096774	0.477876106	0.38	0.194300518
rep3	112	10.C	0.286585366	0.371875	0.453125	0.201680672	0.314285714	0.373913043	0.427480916	0.299242424
rep4	112	10.C	0.26031746	0.450581395	0.592274678	0.284848485	0.290076336	0.287272727	0.186111111	0.219047619
rep5	112	10.C	0.25257732	0.504	0.665427509	0.403225806	0.357976654	0.305147059	0.364620939	0.237735849
rep6	112	10.C	0.302857143	0.635714286	0.550420168	0.239393939	0.182156134	0.309823678	0.37037037	0.232919255
rep7	112	10.C	0.36	0.767605634	0.611872146	0.314285714	0.283261803	0.326923077	0.350806452	0.237951807
rep8	112	10.C	0.268472906	0.706081081	0.521072797	0.288888889	0.376106195	0.602484472	0.417004049	0.247491639
rep9	112	10.C	0.328320802	0.842307692	0.348275862	0.217791411	0.25498008	0.235474006	0.134020619	0.33557047
rep10	112	10.C	0.356410256	0.659235669	1	0.376168224	0.285714286	0.590062112	0.20754717	0.218068536
rep1	112	dark	0.740458015	0.919003115	0.852348993	0.479166667	0.857677903	0.756906077	0.872521246	0.797653959
rep2	112	dark	0.970149254	0.860068259	0.802575107	0.691131498	0.862745098	0.863387978	0.797202797	0.91091954
rep3	112	dark	0.619318182	1	1	0.812138728	1	0.984227129	0.626923077	0.748031496
rep4	112	dark	0.825783972	1	1	0.996941896	1	0.98265896	0.914772727	0.869402985
rep5	112	dark	0.728021978	1	1	0.671394799	1	0.863905325	0.7	0.527704485
rep6	112	dark	0.546511628	1	1	0.722627737	1	0.692307692	0.750819672	1
rep7	112	dark	0.559808612	1	1	0.711246201	1	1	0.879478827	1
rep8	112	dark	0.829457364	1	1	0.50174216	1	1	0.445012788	1
rep9	112	dark	0.611246944	1	1	0.860696517	1	1	0.694117647	1
rep10	112	dark	1	1	1	0.846361186	1	1	1	1
rep1	126	-2.5.C	0.092485549	0.363636364	0.34	0.094387755	0.183206107	0.111538462	0.504201681	0.192893401
rep2	126	-2.5.C	0.341954023	0.422222222	0.752173913	0.116104869	0.274774775	0.153543307	0.142156863	0.101983003
rep3	126	-2.5.C	0.136363636	0.567213115	0.695067265	0.139784946	0.163076923	0.09057971	0.23125	0.115196078
rep4	126	-2.5.C	0.136807818	0.433823529	0.508896797	0.173374613	0.212244898	0.12345679	0.44516129	0.156996587
rep5	126	-2.5.C	0.319371728	0.305555556	0.184331797	0.137195122	0.132930514	0.148026316	0.235880399	0.132394366
rep6	126	-2.5.C	0.129584352	0.429657795	0.171428571	0.5	0.157692308	0.136363636	0.116710875	0.155932203
rep7	126	-2.5.C	0.343195266	0.433333333	0.705627706	0.185082873	0.141141141	0.152	0.35	0.162241888
rep8	126	-2.5.C	0.326315789	0.385416667	0.193548387	0.115281501	0.11372549	0.144032922	0.35335689	0.151193634
rep9	126	-2.5.C	0.269360269	0.257246377	0.301960784	0.14893617	0.489878543	0.132231405	0.553246753	0.13897281
rep10	126	-2.5.C	0.342036554	0.415929204	1	0.125382263	0.112970711	0.155555556	0.121495327	0.1232493
rep1	126	0.C	0.612299465	0.554263566	1	0.6	0.156050955	0.724381625	0.836858006	0.197014925
rep2	126	0.C	0.516819572	0.728222997	1	0.750798722	0.162361624	1	0.727793696	0.404825737
rep3	126	0.C	0.721784777	1	1	0.83045977	0.895470383	1	0.302931596	0.720797721
rep4	126	0.C	0.438172043	1	1	0.576530612	0.756410256	1	0.845744681	0.720461095
rep5	126	0.C	0.432432432	1	1	0.818493151	0.723735409	1	0.428954424	0.552325581
rep6	126	0.C	0.944117647	1	1	0.526479751	0.544217687	1	0.365030675	0.746081505
rep7	126	0.C	0.505208333	1	1	0.347181009	0.261168385	1	0.837209302	0.874686717
rep8	126	0.C	0.734104046	1	1	0.532307692	0.903914591	1	0.845333333	0.211594203
rep9	126	0.C	0.606060606	1	1	0.442622951	1	1	0.943850267	0.796033994
rep10	126	0.C	0.645892351	1	1	0.594164456	1	1	0.650306748	1
rep1	126	2.5.C	1	0.901315789	0.872	0.858024691	0.798882682	0.269005848	0.799392097	0.703947368
rep2	126	2.5.C	0.663316583	0.919117647	0.952554745	0.816933638	1	1	0.907103825	0.931888545
rep3	126	2.5.C	0.815864023	1	0.87804878	0.681063123	1	1	0.735483871	1
rep4	126	2.5.C	0.839694656	0.975177305	0.805555556	0.896296296	1	1	0.862857143	1
rep5	126	2.5.C	0.563492063	1	0.937716263	0.729166667	1	1	1	1
rep6	126	2.5.C	0.481481481	1	0.908127208	0.528358209	1	1	1	1
rep7	126	2.5.C	0.810734463	1	1	0.797368421	1	1	1	1
rep8	126	2.5.C	1	1	1	0.790419162	1	1	1	1
rep9	126	2.5.C	1	1	1	0.676282051	1	1	1	1
rep10	126	2.5.C	1	1	1	1	1	1	1	1
rep1	126	5.C	0.933753943	0.599455041	0.811258278	0.79331307	0.886206897	0.874598071	0.897280967	0.770186335
rep2	126	5.C	0.705722071	0.86102719	0.815668203	0.806349206	0.902255639	1	0.877192982	0.862903226
rep3	126	5.C	0.675159236	0.920689655	0.971631206	0.709265176	1	0.371757925	0.867052023	0.894736842
rep4	126	5.C	0.695890411	0.943952802	1	0.542087542	1	1	0.860158311	0.815642458
rep5	126	5.C	0.720364742	1	0.800699301	0.671497585	1	1	0.819314642	0.891598916
rep6	126	5.C	0.718120805	0.788273616	1	0.588235294	1	1	1	1
rep7	126	5.C	0.696517413	1	1	1	1	1	1	1
rep8	126	5.C	0.648989899	1	1	1	1	1	1	1
rep9	126	5.C	1	1	1	1	1	1	1	1
rep10	126	5.C	1	1	1	1	1	1	1	1
rep1	126	7.5.C	0.655172414	0.853582555	0.801652893	0.470108696	0.756363636	0.866492147	0.643051771	0.586021505
rep2	126	7.5.C	0.422988506	0.751351351	0.931372549	0.690402477	0.377419355	0.589147287	0.506024096	0.614197531
rep3	126	7.5.C	0.805642633	0.912408759	0.87394958	0.622589532	0.558922559	0.757575758	0.744927536	0.647619048
rep4	126	7.5.C	0.514851485	0.810909091	0.8984375	0.636085627	0.78490566	0.984326019	0.405572755	0.176282051
rep5	126	7.5.C	0.506666667	0.779783394	0.743478261	0.464968153	0.267716535	0.821305842	0.192592593	0.363420428
rep6	126	7.5.C	0.588528678	0.737588652	0.756218905	0.412790698	0.547112462	0.575418994	0.498480243	0.577656676
rep7	126	7.5.C	0.41369863	0.547826087	0.632231405	0.900249377	0.475083056	0.89456869	0.762611276	0.296774194
rep8	126	7.5.C	0.369680851	0.971223022	0.885521886	0.688829787	0.551612903	0.738831615	0.585034014	0.540268456
rep9	126	7.5.C	0.295950156	0.755186722	1	0.678474114	0.724279835	0.530864198	0.8	0.563968668
rep10	126	7.5.C	1	0.681818182	1	0.653295129	0.664041995	0.938829787	0.452513966	0.621212121
rep1	126	10.C	0.386920981	0.680851064	0.643442623	0.315457413	0.337078652	0.571428571	0.182065217	0.403785489
rep2	126	10.C	0.33933162	0.547101449	0.532846715	0.264094955	0.282945736	0.536159601	0.553246753	0.513513514
rep3	126	10.C	0.375426621	0.562962963	0.588477366	0.41108545	0.251824818	0.450310559	0.195467422	0.260674157
rep4	126	10.C	0.42893401	0.534979424	0.598130841	0.344720497	0.272727273	0.721311475	0.263636364	0.535714286
rep5	126	10.C	0.22418136	0.506944444	0.413559322	0.520231214	0.293233083	0.228985507	0.357575758	0.30071599
rep6	126	10.C	0.467181467	0.554817276	0.459016393	0.217008798	0.224899598	0.593856655	0.35483871	0.426356589
rep7	126	10.C	0.401197605	0.769516729	0.609589041	0.448028674	0.217391304	0.578431373	0.328488372	0.239393939
rep8	126	10.C	0.482035928	0.784313725	0.648979592	0.15451895	0.337931034	0.20631068	0.361185984	0.278409091
rep9	126	10.C	0.207100592	0.656666667	0.831818182	0.231034483	0.243150685	0.260115607	0.630952381	0.305732484
rep10	126	10.C	0.336283186	0.596707819	0.670886076	0.298941799	0.284246575	0.339622642	0.287401575	0.337704918
rep1	126	dark	0.716112532	0.90443686	0.957854406	0.759668508	0.745983168	1	0.870786517	1
rep2	126	dark	0.946022727	1	0.720779221	0.788300836	0.932692308	0.302771855	0.798816568	1
rep3	126	dark	0.613445378	1	1	0.512195122	1	0.758547009	0.821637427	0.894021739
rep4	126	dark	0.842639594	1	1	0.775	1	1	0.541033435	0.690340909
rep5	126	dark	0.759259259	1	1	0.876033058	1	1	0.778313253	0.818965517
rep6	126	dark	1	1	1	0.904191617	1	1	0.886227545	1
rep7	126	dark	1	1	1	0.847368421	1	1	0.857142857	1
rep8	126	dark	1	1	1	1	1	1	1	1
rep9	126	dark	1	1	1	1	1	1	1	1
rep10	126	dark	1	1	1	1	1	1	1	1
rep1	140	-2.5.C	0.120481928	0.485245902	0.449438202	0.187234043	0.135048232	0.166666667	0.296875	0.161512027
rep2	140	-2.5.C	0.427350427	0.543396226	0.236051502	0.135746606	0.6	0.152173913	0.199312715	0.153638814
rep3	140	-2.5.C	0.344311377	0.409677419	0.770967742	0.1	0.155172414	0.188888889	0.137071651	0.451104101
rep4	140	-2.5.C	0.161375661	0.456790123	0.138983051	0.142857143	0.076612903	0.128272251	0.246794872	0.13622291
rep5	140	-2.5.C	0.728706625	0.519736842	0.536809816	0.111111111	0.167272727	0.088028169	0.109137056	0.431746032
rep6	140	-2.5.C	0.34180791	0.26953125	0.771535581	0.188596491	0.18220339	0.125313283	0.271954674	0.125356125
rep7	140	-2.5.C	0.732484076	0.35504886	0.704545455	0.156779661	0.118320611	0.118556701	0.244791667	0.26300578
rep8	140	-2.5.C	0.55	0.605809129	0.173611111	0.107758621	0.177083333	0.10787172	0.137614679	0.280346821
rep9	140	-2.5.C	0.523809524	0.734126984	0.552238806	0.098484848	0.158501441	0.099415205	0.206489676	0.120234604
rep10	140	-2.5.C	0.347826087	0.654901961	0.146825397	0.114068441	0.161172161	0.079411765	0.116883117	0.343661972
rep1	140	0.C	0.638961039	1	1	0.91875	0.179245283	1	0.912921348	1
rep2	140	0.C	0.715099715	1	1	0.616613419	0.12345679	1	1	0.70890411
rep3	140	0.C	0.738292011	1	1	1	0.611940299	1	1	0.613180516
rep4	140	0.C	0.693766938	1	1	0.646067416	0.84279476	1	1	0.838196286
rep5	140	0.C	0.770780856	1	1	0.95505618	0.982532751	1	1	0.191044776
rep6	140	0.C	0.762376238	1	1	0.17721519	0.134615385	1	1	0.159090909
rep7	140	0.C	0.935251799	1	1	0.901098901	1	1	1	0.786610879
rep8	140	0.C	0.7325	1	1	0.864197531	1	1	1	1
rep9	140	0.C	0.730650155	1	1	1	1	1	1	1
rep10	140	0.C	1	1	1	1	1	1	1	1
rep1	140	2.5.C	0.535384615	1	0.919881306	0.926421405	1	1	1	0.945945946
rep2	140	2.5.C	1	1	1	0.836012862	0.956	1	1	1
rep3	140	2.5.C	1	1	1	0.926517572	1	1	1	1
rep4	140	2.5.C	1	1	1	1	1	1	1	1
rep5	140	2.5.C	1	1	1	1	1	1	1	1
rep6	140	2.5.C	1	1	1	1	1	1	1	1
rep7	140	2.5.C	1	1	1	1	1	1	1	1
rep8	140	2.5.C	1	1	1	1	1	1	1	1
rep9	140	2.5.C	1	1	1	1	1	1	1	1
rep10	140	2.5.C	1	1	1	1	1	1	1	1
rep1	140	5.C	0.856756757	1	0.85483871	0.942122186	1	0.717391304	0.917159763	0.869806094
rep2	140	5.C	0.653116531	0.4140625	0.900369004	0.933797909	1	0.784615385	1	0.740740741
rep3	140	5.C	0.479233227	1	0.87966805	0.879032258	1	0.870712401	1	1
rep4	140	5.C	0.588957055	1	0.818791946	0.821167883	1	1	1	1
rep5	140	5.C	1	1	0.870588235	1	1	1	1	1
rep6	140	5.C	1	1	0.993355482	1	1	1	1	1
rep7	140	5.C	1	1	1	1	1	1	1	1
rep8	140	5.C	1	1	1	1	1	1	1	1
rep9	140	5.C	1	1	1	1	1	1	1	1
rep10	140	5.C	1	1	1	1	1	1	1	1
rep1	140	7.5.C	0.837078652	0.456521739	1	0.5	0.57312253	0.859538784	0.844776119	0.475362319
rep2	140	7.5.C	0.733990148	0.775	0.98255814	0.429530201	0.85770751	0.987301587	0.791411043	0.575163399
rep3	140	7.5.C	0.418604651	0.767676768	0.932258065	0.425675676	0.534782609	0.700996678	0.847593583	0.568253968
rep4	140	7.5.C	0.553314121	0.848387097	0.9	0.405017921	0.628	0.883852691	0.702770781	0.438395415
rep5	140	7.5.C	0.861842105	0.871794872	0.88410596	0.927007299	0.678294574	0.636363636	0.812101911	0.448179272
rep6	140	7.5.C	0.265536723	1	1	0.593650794	0.756756757	0.861413043	0.134564644	0.468253968
rep7	140	7.5.C	0.634375	0.766784452	1	0.816720257	0.763975155	0.736842105	0.884012539	0.805460751
rep8	140	7.5.C	0.657657658	0.665158371	1	0.637037037	0.631921824	0.476973684	0.78041543	0.659638554
rep9	140	7.5.C	1	0.568627451	1	0.849264706	1	0.482573727	1	0.87202381
rep10	140	7.5.C	1	0.889830508	1	0.748322148	1	0.773584906	1	0.600574713
rep1	140	10.C	0.333333333	0.511182109	0.391304348	0.21509434	0.33447099	0.295711061	0.682119205	0.463013699
rep2	140	10.C	0.286135693	0.72815534	0.737451737	0.306547619	0.319444444	0.388724036	0.683908046	0.414035088
rep3	140	10.C	0.342767296	0.37037037	0.529880478	0.27443609	0.21484375	0.304477612	0.250580046	0.440894569
rep4	140	10.C	0.30529595	0.918918919	0.510948905	0.200692042	0.310126582	0.459390863	0.411764706	0.389570552
rep5	140	10.C	0.438642298	0.437735849	0.511450382	0.58649789	0.323308271	0.434210526	0.289552239	0.321022727
rep6	140	10.C	0.276397516	0.491638796	0.465648855	0.31661442	0.307420495	0.654135338	0.228985507	0.360927152
rep7	140	10.C	0.462857143	0.658181818	0.464028777	0.469465649	0.459259259	0.473684211	0.357594937	0.298591549
rep8	140	10.C	0.23659306	0.496835443	0.824074074	0.274074074	0.401574803	0.472727273	0.127388535	0.432515337
rep9	140	10.C	0.280120482	0.475362319	0.507633588	0.491349481	0.270588235	0.684375	0.685294118	0.286127168
rep10	140	10.C	0.349869452	0.698113208	0.700934579	0.241134752	0.266375546	0.559556787	0.295532646	0.312834225
rep1	140	dark	1	1	1	0.993630573	0.68907563	1	0.838068182	0.913151365
rep2	140	dark	0.996336996	1	0.883636364	0.926421405	0.896428571	1	0.913746631	1
rep3	140	dark	1	1	1	0.82527881	1	1	0.905	1
rep4	140	dark	0.510086455	1	1	0.746268657	1	1	0.880222841	1
rep5	140	dark	1	1	1	1	1	1	1	1
rep6	140	dark	1	1	1	1	1	1	1	1
rep7	140	dark	1	1	1	1	1	1	1	1
rep8	140	dark	1	1	1	1	1	1	1	1
rep9	140	dark	1	1	1	1	1	1	1	1
rep10	140	dark	1	1	1	1	1	1	1	1
										
										
										
										
										
										
										
										
										
										
										
										
										
										
										
										
										
										
										
